source_phone_id,target_phone_id,label,common_neighbors,jaccard,adamic_adar,resource_allocation,preferential_attachment
PH03254,PH00293,1,0.0,0.0,0.0,0.0,10.0
PH03021,PH01933,1,0.0,0.0,0.0,0.0,2.0
PH02892,PH01550,1,0.0,0.0,0.0,0.0,2.0
PH03089,PH03652,1,0.0,0.0,0.0,0.0,15.0
PH01215,PH02131,1,0.0,0.0,0.0,0.0,2.0
PH02845,PH02212,1,0.0,0.0,0.0,0.0,8.0
PH02263,PH02984,1,0.0,0.0,0.0,0.0,12.0
PH00644,PH02621,1,0.0,0.0,0.0,0.0,10.0
PH03816,PH03759,1,0.0,0.0,0.0,0.0,12.0
PH02152,PH01035,1,0.0,0.0,0.0,0.0,15.0
PH03820,PH03718,1,0.0,0.0,0.0,0.0,4.0
PH01526,PH01841,1,0.0,0.0,0.0,0.0,0.0
PH00851,PH00071,1,0.0,0.0,0.0,0.0,12.0
PH00515,PH02348,1,0.0,0.0,0.0,0.0,0.0
PH00477,PH00703,1,0.0,0.0,0.0,0.0,12.0
PH01227,PH02802,1,0.0,0.0,0.0,0.0,3.0
PH00219,PH01341,1,0.0,0.0,0.0,0.0,6.0
PH02077,PH02868,1,0.0,0.0,0.0,0.0,0.0
PH02154,PH00355,1,0.0,0.0,0.0,0.0,3.0
PH01943,PH02839,1,0.0,0.0,0.0,0.0,12.0
PH02530,PH00298,1,0.0,0.0,0.0,0.0,2.0
PH01026,PH00439,1,0.0,0.0,0.0,0.0,28.0
PH03198,PH01508,1,0.0,0.0,0.0,0.0,4.0
PH00258,PH02315,1,0.0,0.0,0.0,0.0,6.0
PH04327,PH02326,1,0.0,0.0,0.0,0.0,15.0
PH00337,PH00456,1,0.0,0.0,0.0,0.0,4.0
PH02289,PH00921,1,0.0,0.0,0.0,0.0,12.0
PH01164,PH00567,1,0.0,0.0,0.0,0.0,8.0
PH00343,PH00915,1,0.0,0.0,0.0,0.0,3.0
PH00658,PH02558,1,0.0,0.0,0.0,0.0,0.0
PH00367,PH02552,1,0.0,0.0,0.0,0.0,10.0
PH03803,PH01967,1,0.0,0.0,0.0,0.0,0.0
PH00303,PH01508,1,0.0,0.0,0.0,0.0,2.0
PH03938,PH02765,1,0.0,0.0,0.0,0.0,0.0
PH00616,PH01875,1,0.0,0.0,0.0,0.0,15.0
PH03682,PH04093,1,0.0,0.0,0.0,0.0,12.0
PH02587,PH01857,1,0.0,0.0,0.0,0.0,0.0
PH04206,PH04452,1,0.0,0.0,0.0,0.0,8.0
PH01340,PH04449,1,0.0,0.0,0.0,0.0,6.0
PH03799,PH03279,1,0.0,0.0,0.0,0.0,28.0
PH02008,PH04134,1,0.0,0.0,0.0,0.0,25.0
PH02258,PH01349,1,0.0,0.0,0.0,0.0,6.0
PH00765,PH00140,1,0.0,0.0,0.0,0.0,24.0
PH00643,PH01232,1,0.0,0.0,0.0,0.0,3.0
PH04329,PH02999,1,0.0,0.0,0.0,0.0,8.0
PH00561,PH03433,1,0.0,0.0,0.0,0.0,8.0
PH02162,PH03672,1,0.0,0.0,0.0,0.0,3.0
PH03296,PH00053,1,0.0,0.0,0.0,0.0,8.0
PH01646,PH04074,1,0.0,0.0,0.0,0.0,6.0
PH03015,PH00042,1,0.0,0.0,0.0,0.0,2.0
PH02104,PH03480,1,0.0,0.0,0.0,0.0,3.0
PH00404,PH03513,1,0.0,0.0,0.0,0.0,6.0
PH02753,PH01643,1,0.0,0.0,0.0,0.0,18.0
PH04392,PH02192,1,0.0,0.0,0.0,0.0,2.0
PH00325,PH02546,1,0.0,0.0,0.0,0.0,10.0
PH00445,PH04260,1,0.0,0.0,0.0,0.0,2.0
PH01293,PH01826,1,0.0,0.0,0.0,0.0,3.0
PH00197,PH00791,1,0.0,0.0,0.0,0.0,0.0
PH03669,PH01815,1,0.0,0.0,0.0,0.0,12.0
PH01303,PH01222,1,0.0,0.0,0.0,0.0,6.0
PH03580,PH00769,1,0.0,0.0,0.0,0.0,3.0
PH01221,PH01836,1,0.0,0.0,0.0,0.0,0.0
PH00365,PH04213,1,0.0,0.0,0.0,0.0,12.0
PH02989,PH01417,1,0.0,0.0,0.0,0.0,4.0
PH02884,PH02355,1,0.0,0.0,0.0,0.0,4.0
PH00862,PH04379,1,0.0,0.0,0.0,0.0,8.0
PH01135,PH02641,1,0.0,0.0,0.0,0.0,15.0
PH03595,PH04314,1,0.0,0.0,0.0,0.0,3.0
PH02056,PH02895,1,0.0,0.0,0.0,0.0,40.0
PH02586,PH00241,1,0.0,0.0,0.0,0.0,7.0
PH01246,PH04296,1,0.0,0.0,0.0,0.0,24.0
PH03092,PH04028,1,0.0,0.0,0.0,0.0,20.0
PH02332,PH03112,1,0.0,0.0,0.0,0.0,8.0
PH03678,PH04423,1,0.0,0.0,0.0,0.0,5.0
PH03438,PH03850,1,0.0,0.0,0.0,0.0,9.0
PH00693,PH03067,1,0.0,0.0,0.0,0.0,1.0
PH00597,PH01771,1,0.0,0.0,0.0,0.0,6.0
PH01729,PH02849,1,0.0,0.0,0.0,0.0,6.0
PH04179,PH00340,1,0.0,0.0,0.0,0.0,5.0
PH03915,PH03300,1,0.0,0.0,0.0,0.0,25.0
PH03351,PH01604,1,0.0,0.0,0.0,0.0,3.0
PH02137,PH00060,1,0.0,0.0,0.0,0.0,0.0
PH01857,PH02898,1,0.0,0.0,0.0,0.0,4.0
PH04486,PH03754,1,0.0,0.0,0.0,0.0,15.0
PH01602,PH00446,1,0.0,0.0,0.0,0.0,5.0
PH03428,PH02075,1,0.0,0.0,0.0,0.0,15.0
PH01180,PH01000,1,0.0,0.0,0.0,0.0,12.0
PH01226,PH02356,1,0.0,0.0,0.0,0.0,4.0
PH02815,PH04449,1,0.0,0.0,0.0,0.0,1.0
PH01981,PH04300,1,0.0,0.0,0.0,0.0,0.0
PH01355,PH00601,1,0.0,0.0,0.0,0.0,6.0
PH01127,PH02648,1,0.0,0.0,0.0,0.0,6.0
PH03275,PH01718,1,0.0,0.0,0.0,0.0,12.0
PH01402,PH02640,1,0.0,0.0,0.0,0.0,10.0
PH01520,PH00536,1,0.0,0.0,0.0,0.0,15.0
PH03306,PH01469,1,0.0,0.0,0.0,0.0,1.0
PH03561,PH00197,1,0.0,0.0,0.0,0.0,0.0
PH01229,PH02127,1,0.0,0.0,0.0,0.0,2.0
PH00534,PH00818,1,0.0,0.0,0.0,0.0,12.0
PH04470,PH04268,1,0.0,0.0,0.0,0.0,5.0
PH01287,PH00481,1,0.0,0.0,0.0,0.0,4.0
PH03868,PH02299,1,0.0,0.0,0.0,0.0,12.0
PH01676,PH00367,1,0.0,0.0,0.0,0.0,8.0
PH02209,PH03056,1,0.0,0.0,0.0,0.0,0.0
PH00907,PH03612,1,0.0,0.0,0.0,0.0,6.0
PH04375,PH04411,1,0.0,0.0,0.0,0.0,15.0
PH02515,PH03559,1,0.0,0.0,0.0,0.0,4.0
PH02899,PH03346,1,0.0,0.0,0.0,0.0,1.0
PH03579,PH01935,1,0.0,0.0,0.0,0.0,10.0
PH01172,PH00382,1,0.0,0.0,0.0,0.0,5.0
PH03915,PH01260,1,0.0,0.0,0.0,0.0,20.0
PH00987,PH02722,1,0.0,0.0,0.0,0.0,8.0
PH01639,PH01826,1,0.0,0.0,0.0,0.0,6.0
PH01123,PH03372,1,0.0,0.0,0.0,0.0,2.0
PH03205,PH01478,1,0.0,0.0,0.0,0.0,15.0
PH00391,PH02221,1,0.0,0.0,0.0,0.0,8.0
PH03245,PH01117,1,0.0,0.0,0.0,0.0,9.0
PH03807,PH03831,1,0.0,0.0,0.0,0.0,50.0
PH02011,PH03818,1,0.0,0.0,0.0,0.0,2.0
PH02688,PH01371,1,0.0,0.0,0.0,0.0,0.0
PH04206,PH00284,1,0.0,0.0,0.0,0.0,4.0
PH01534,PH00352,1,0.0,0.0,0.0,0.0,12.0
PH02641,PH01417,1,0.0,0.0,0.0,0.0,5.0
PH01323,PH03155,1,0.0,0.0,0.0,0.0,20.0
PH03568,PH02237,1,0.0,0.0,0.0,0.0,28.0
PH04354,PH03466,1,0.0,0.0,0.0,0.0,15.0
PH01599,PH04044,1,0.0,0.0,0.0,0.0,18.0
PH00850,PH03538,1,0.0,0.0,0.0,0.0,8.0
PH00673,PH03661,1,0.0,0.0,0.0,0.0,6.0
PH02595,PH01332,1,0.0,0.0,0.0,0.0,15.0
PH03896,PH00185,1,0.0,0.0,0.0,0.0,15.0
PH04178,PH03696,1,0.0,0.0,0.0,0.0,12.0
PH00798,PH00826,1,0.0,0.0,0.0,0.0,10.0
PH01066,PH00035,1,0.0,0.0,0.0,0.0,0.0
PH01773,PH03030,1,0.0,0.0,0.0,0.0,15.0
PH00997,PH03531,1,0.0,0.0,0.0,0.0,4.0
PH01353,PH02037,1,0.0,0.0,0.0,0.0,8.0
PH00858,PH00978,1,0.0,0.0,0.0,0.0,3.0
PH03897,PH03717,1,0.0,0.0,0.0,0.0,24.0
PH03846,PH02213,1,0.0,0.0,0.0,0.0,6.0
PH00797,PH00972,1,0.0,0.0,0.0,0.0,1.0
PH00333,PH04495,1,0.0,0.0,0.0,0.0,10.0
PH03939,PH02885,1,0.0,0.0,0.0,0.0,6.0
PH03019,PH00697,1,0.0,0.0,0.0,0.0,4.0
PH00774,PH00787,1,0.0,0.0,0.0,0.0,10.0
PH02449,PH01738,1,0.0,0.0,0.0,0.0,18.0
PH00147,PH03624,1,0.0,0.0,0.0,0.0,7.0
PH02326,PH03883,1,0.0,0.0,0.0,0.0,12.0
PH03965,PH04255,1,0.0,0.0,0.0,0.0,25.0
PH04113,PH01373,1,0.0,0.0,0.0,0.0,16.0
PH02261,PH03440,1,0.0,0.0,0.0,0.0,3.0
PH01781,PH03163,1,0.0,0.0,0.0,0.0,4.0
PH03398,PH02158,1,0.0,0.0,0.0,0.0,6.0
PH03220,PH01372,1,0.0,0.0,0.0,0.0,2.0
PH03494,PH02714,1,0.0,0.0,0.0,0.0,5.0
PH02598,PH01115,1,0.0,0.0,0.0,0.0,4.0
PH00785,PH02515,1,0.0,0.0,0.0,0.0,10.0
PH01230,PH00136,1,0.0,0.0,0.0,0.0,0.0
PH03523,PH01339,1,0.0,0.0,0.0,0.0,3.0
PH02656,PH00111,1,0.0,0.0,0.0,0.0,6.0
PH03211,PH00735,1,0.0,0.0,0.0,0.0,20.0
PH03763,PH04069,1,0.0,0.0,0.0,0.0,8.0
PH02005,PH00369,1,0.0,0.0,0.0,0.0,3.0
PH00243,PH04225,1,0.0,0.0,0.0,0.0,4.0
PH00158,PH04047,1,0.0,0.0,0.0,0.0,20.0
PH00239,PH01645,1,0.0,0.0,0.0,0.0,6.0
PH00939,PH01351,1,0.0,0.0,0.0,0.0,8.0
PH01090,PH03917,1,0.0,0.0,0.0,0.0,0.0
PH00630,PH01444,1,0.0,0.0,0.0,0.0,6.0
PH00852,PH02815,1,0.0,0.0,0.0,0.0,4.0
PH02358,PH00376,1,0.0,0.0,0.0,0.0,4.0
PH01998,PH03564,1,0.0,0.0,0.0,0.0,3.0
PH00359,PH01723,1,0.0,0.0,0.0,0.0,16.0
PH04274,PH00791,1,0.0,0.0,0.0,0.0,4.0
PH02101,PH01189,1,0.0,0.0,0.0,0.0,8.0
PH02949,PH03306,1,0.0,0.0,0.0,0.0,4.0
PH02028,PH00655,1,0.0,0.0,0.0,0.0,0.0
PH02568,PH03168,1,0.0,0.0,0.0,0.0,18.0
PH01923,PH02211,1,0.0,0.0,0.0,0.0,15.0
PH00559,PH00584,1,0.0,0.0,0.0,0.0,6.0
PH00042,PH02251,1,0.0,0.0,0.0,0.0,1.0
PH04227,PH02839,1,0.0,0.0,0.0,0.0,8.0
PH02123,PH03812,1,0.0,0.0,0.0,0.0,0.0
PH03647,PH04316,1,0.0,0.0,0.0,0.0,8.0
PH03387,PH00741,1,0.0,0.0,0.0,0.0,18.0
PH01323,PH01386,1,0.0,0.0,0.0,0.0,12.0
PH02773,PH01512,1,0.0,0.0,0.0,0.0,9.0
PH03456,PH00697,1,0.0,0.0,0.0,0.0,12.0
PH03760,PH03793,1,0.0,0.0,0.0,0.0,4.0
PH01981,PH03584,1,0.0,0.0,0.0,0.0,12.0
PH00521,PH04044,1,0.0,0.0,0.0,0.0,12.0
PH02005,PH03722,1,0.0,0.0,0.0,0.0,3.0
PH04077,PH00117,1,0.0,0.0,0.0,0.0,8.0
PH02765,PH04033,1,0.0,0.0,0.0,0.0,0.0
PH02206,PH03050,1,0.0,0.0,0.0,0.0,2.0
PH02019,PH00364,1,0.0,0.0,0.0,0.0,20.0
PH01601,PH00030,1,0.0,0.0,0.0,0.0,12.0
PH01690,PH02891,1,0.0,0.0,0.0,0.0,4.0
PH04108,PH02358,1,0.0,0.0,0.0,0.0,3.0
PH00889,PH00547,1,0.0,0.0,0.0,0.0,4.0
PH02463,PH00620,1,0.0,0.0,0.0,0.0,6.0
PH01315,PH00486,1,0.0,0.0,0.0,0.0,8.0
PH02007,PH04113,1,0.0,0.0,0.0,0.0,8.0
PH01568,PH02463,1,0.0,0.0,0.0,0.0,6.0
PH02434,PH03432,1,0.0,0.0,0.0,0.0,20.0
PH02950,PH01753,1,0.0,0.0,0.0,0.0,6.0
PH02661,PH03418,1,0.0,0.0,0.0,0.0,8.0
PH02913,PH04383,1,0.0,0.0,0.0,0.0,12.0
PH00142,PH01127,1,0.0,0.0,0.0,0.0,0.0
PH01833,PH03345,1,0.0,0.0,0.0,0.0,4.0
PH01013,PH01757,1,0.0,0.0,0.0,0.0,20.0
PH02536,PH02993,1,0.0,0.0,0.0,0.0,10.0
PH02234,PH02412,1,0.0,0.0,0.0,0.0,2.0
PH04412,PH02824,1,0.0,0.0,0.0,0.0,2.0
PH01745,PH01792,1,0.0,0.0,0.0,0.0,0.0
PH02074,PH03880,1,0.0,0.0,0.0,0.0,8.0
PH01426,PH00695,1,0.0,0.0,0.0,0.0,3.0
PH01598,PH02220,1,0.0,0.0,0.0,0.0,12.0
PH02803,PH04227,1,0.0,0.0,0.0,0.0,4.0
PH03838,PH02307,1,0.0,0.0,0.0,0.0,4.0
PH00184,PH01878,1,0.0,0.0,0.0,0.0,12.0
PH02908,PH01861,1,0.0,0.0,0.0,0.0,0.0
PH00762,PH02203,1,0.0,0.0,0.0,0.0,18.0
PH00130,PH02410,1,0.0,0.0,0.0,0.0,12.0
PH01733,PH04022,1,0.0,0.0,0.0,0.0,15.0
PH02819,PH00416,1,0.0,0.0,0.0,0.0,3.0
PH02774,PH02859,1,0.0,0.0,0.0,0.0,4.0
PH01504,PH00254,1,0.0,0.0,0.0,0.0,3.0
PH04092,PH00299,1,0.0,0.0,0.0,0.0,4.0
PH02605,PH00210,1,0.0,0.0,0.0,0.0,16.0
PH01314,PH03375,1,0.0,0.0,0.0,0.0,0.0
PH02124,PH02148,1,0.0,0.0,0.0,0.0,8.0
PH00537,PH00865,1,0.0,0.0,0.0,0.0,1.0
PH04462,PH01376,1,0.0,0.0,0.0,0.0,32.0
PH04474,PH03784,1,0.0,0.0,0.0,0.0,8.0
PH03627,PH03208,1,0.0,0.0,0.0,0.0,5.0
PH02292,PH01143,1,0.0,0.0,0.0,0.0,20.0
PH02044,PH00765,1,0.0,0.0,0.0,0.0,4.0
PH00226,PH02270,1,0.0,0.0,0.0,0.0,8.0
PH01385,PH00883,1,0.0,0.0,0.0,0.0,3.0
PH00069,PH01923,1,0.0,0.0,0.0,0.0,0.0
PH01220,PH01374,1,0.0,0.0,0.0,0.0,4.0
PH02649,PH02200,1,0.0,0.0,0.0,0.0,4.0
PH03565,PH03203,1,0.0,0.0,0.0,0.0,3.0
PH03093,PH03990,1,0.0,0.0,0.0,0.0,18.0
PH00070,PH03983,1,0.0,0.0,0.0,0.0,8.0
PH01729,PH03784,1,0.0,0.0,0.0,0.0,24.0
PH03269,PH00182,1,0.0,0.0,0.0,0.0,5.0
PH04134,PH00867,1,0.0,0.0,0.0,0.0,5.0
PH02854,PH01556,1,0.0,0.0,0.0,0.0,10.0
PH04387,PH04173,1,0.0,0.0,0.0,0.0,15.0
PH00762,PH00756,1,0.0,0.0,0.0,0.0,15.0
PH00707,PH00932,1,0.0,0.0,0.0,0.0,15.0
PH02316,PH01668,1,0.0,0.0,0.0,0.0,0.0
PH02989,PH00590,1,0.0,0.0,0.0,0.0,4.0
PH02152,PH00349,1,0.0,0.0,0.0,0.0,3.0
PH00607,PH03303,1,0.0,0.0,0.0,0.0,12.0
PH03659,PH03388,1,0.0,0.0,0.0,0.0,2.0
PH00393,PH03884,1,0.0,0.0,0.0,0.0,18.0
PH00002,PH02448,1,0.0,0.0,0.0,0.0,9.0
PH04083,PH02290,1,0.0,0.0,0.0,0.0,3.0
PH00801,PH00919,1,0.0,0.0,0.0,0.0,8.0
PH03039,PH03781,1,0.0,0.0,0.0,0.0,18.0
PH04121,PH03027,1,0.0,0.0,0.0,0.0,0.0
PH01222,PH00641,1,0.0,0.0,0.0,0.0,4.0
PH02294,PH03457,1,0.0,0.0,0.0,0.0,0.0
PH02673,PH02772,1,0.0,0.0,0.0,0.0,3.0
PH02373,PH00767,1,0.0,0.0,0.0,0.0,5.0
PH01852,PH01001,1,0.0,0.0,0.0,0.0,1.0
PH04296,PH01792,1,0.0,0.0,0.0,0.0,0.0
PH02372,PH02974,1,0.0,0.0,0.0,0.0,9.0
PH04186,PH04152,1,0.0,0.0,0.0,0.0,25.0
PH01792,PH04027,1,0.0,0.0,0.0,0.0,0.0
PH04027,PH01107,1,0.0,0.0,0.0,0.0,16.0
PH02598,PH03249,1,0.0,0.0,0.0,0.0,2.0
PH00232,PH02598,1,0.0,0.0,0.0,0.0,0.0
PH03927,PH03809,1,0.0,0.0,0.0,0.0,3.0
PH00407,PH00359,1,0.0,0.0,0.0,0.0,28.0
PH00978,PH00232,1,0.0,0.0,0.0,0.0,0.0
PH02974,PH04081,1,0.0,0.0,0.0,0.0,12.0
PH01107,PH04296,1,0.0,0.0,0.0,0.0,16.0
PH03809,PH03927,1,0.0,0.0,0.0,0.0,3.0
PH04081,PH03397,1,0.0,0.0,0.0,0.0,16.0
PH03397,PH02372,1,0.0,0.0,0.0,0.0,12.0
PH00397,PH02089,1,0.0,0.0,0.0,0.0,24.0
PH03875,PH00407,1,0.0,0.0,0.0,0.0,35.0
PH02061,PH03875,1,0.0,0.0,0.0,0.0,5.0
PH04152,PH04186,1,0.0,0.0,0.0,0.0,25.0
PH02416,PH03721,1,0.0,0.0,0.0,0.0,3.0
PH03249,PH00978,1,0.0,0.0,0.0,0.0,6.0
PH02545,PH04319,1,0.0,0.0,0.0,0.0,0.0
PH00359,PH02061,1,0.0,0.0,0.0,0.0,4.0
PH01017,PH00177,1,0.0,0.0,0.0,0.0,2.0
PH04296,PH01792,1,0.0,0.0,0.0,0.0,0.0
PH00029,PH02817,1,0.0,0.0,0.0,0.0,4.0
PH02372,PH02974,1,0.0,0.0,0.0,0.0,9.0
PH04186,PH04152,1,0.0,0.0,0.0,0.0,25.0
PH02256,PH03561,1,0.0,0.0,0.0,0.0,0.0
PH01792,PH04027,1,0.0,0.0,0.0,0.0,0.0
PH04027,PH01107,1,0.0,0.0,0.0,0.0,16.0
PH02598,PH03249,1,0.0,0.0,0.0,0.0,2.0
PH00232,PH02598,1,0.0,0.0,0.0,0.0,0.0
PH03927,PH03809,1,0.0,0.0,0.0,0.0,3.0
PH00752,PH02893,1,0.0,0.0,0.0,0.0,9.0
PH00407,PH00359,1,0.0,0.0,0.0,0.0,28.0
PH00978,PH00232,1,0.0,0.0,0.0,0.0,0.0
PH01509,PH01905,1,0.0,0.0,0.0,0.0,4.0
PH02626,PH03651,1,0.0,0.0,0.0,0.0,6.0
PH00695,PH03803,1,0.0,0.0,0.0,0.0,0.0
PH01887,PH03543,1,0.0,0.0,0.0,0.0,6.0
PH01015,PH01660,1,0.0,0.0,0.0,0.0,7.0
PH01380,PH00704,1,0.0,0.0,0.0,0.0,8.0
PH03220,PH04287,1,0.0,0.0,0.0,0.0,4.0
PH02667,PH03292,1,0.0,0.0,0.0,0.0,21.0
PH02277,PH03355,1,0.0,0.0,0.0,0.0,4.0
PH01262,PH03831,1,0.0,0.0,0.0,0.0,30.0
PH04389,PH03973,1,0.0,0.0,0.0,0.0,4.0
PH01799,PH01340,1,0.0,0.0,0.0,0.0,18.0
PH04093,PH02467,1,0.0,0.0,0.0,0.0,3.0
PH00867,PH00933,1,0.0,0.0,0.0,0.0,1.0
PH03923,PH01934,1,0.0,0.0,0.0,0.0,8.0
PH00503,PH01057,1,0.0,0.0,0.0,0.0,3.0
PH03859,PH04257,1,0.0,0.0,0.0,0.0,15.0
PH00486,PH01636,1,0.0,0.0,0.0,0.0,12.0
PH02627,PH03300,1,0.0,0.0,0.0,0.0,15.0
PH01740,PH02051,1,0.0,0.0,0.0,0.0,4.0
PH01147,PH02585,1,0.0,0.0,0.0,0.0,9.0
PH04015,PH01244,1,0.0,0.0,0.0,0.0,6.0
PH01965,PH01405,1,0.0,0.0,0.0,0.0,1.0
PH03291,PH01264,1,0.0,0.0,0.0,0.0,0.0
PH04342,PH04095,1,0.0,0.0,0.0,0.0,9.0
PH02038,PH04491,1,0.0,0.0,0.0,0.0,2.0
PH02305,PH00037,1,0.0,0.0,0.0,0.0,6.0
PH02448,PH00964,1,0.0,0.0,0.0,0.0,9.0
PH03542,PH04170,1,0.0,0.0,0.0,0.0,2.0
PH02307,PH01007,1,0.0,0.0,0.0,0.0,3.0
PH02273,PH01235,1,0.0,0.0,0.0,0.0,0.0
PH03684,PH03649,1,0.0,0.0,0.0,0.0,10.0
PH02994,PH03666,1,0.0,0.0,0.0,0.0,8.0
PH02467,PH02699,1,0.0,0.0,0.0,0.0,4.0
PH04373,PH03471,1,0.0,0.0,0.0,0.0,9.0
PH00823,PH00305,1,0.0,0.0,0.0,0.0,16.0
PH03136,PH02869,1,0.0,0.0,0.0,0.0,10.0
PH02888,PH01750,1,0.0,0.0,0.0,0.0,2.0
PH03266,PH01903,1,0.0,0.0,0.0,0.0,2.0
PH00266,PH03350,1,0.0,0.0,0.0,0.0,3.0
PH04155,PH01212,1,0.0,0.0,0.0,0.0,4.0
PH04499,PH00114,1,0.0,0.0,0.0,0.0,2.0
PH00261,PH01262,1,0.0,0.0,0.0,0.0,6.0
PH01780,PH01904,1,0.0,0.0,0.0,0.0,0.0
PH01183,PH03935,1,0.0,0.0,0.0,0.0,0.0
PH01681,PH02812,1,0.0,0.0,0.0,0.0,6.0
PH00432,PH04449,1,0.0,0.0,0.0,0.0,2.0
PH03842,PH04019,1,0.0,0.0,0.0,0.0,4.0
PH04323,PH00260,1,0.0,0.0,0.0,0.0,8.0
PH03139,PH02422,1,0.0,0.0,0.0,0.0,20.0
PH02035,PH01345,1,0.0,0.0,0.0,0.0,1.0
PH04159,PH02744,1,0.0,0.0,0.0,0.0,1.0
PH02641,PH04118,1,0.0,0.0,0.0,0.0,5.0
PH00515,PH02578,1,0.0,0.0,0.0,0.0,4.0
PH00523,PH00404,1,0.0,0.0,0.0,0.0,3.0
PH02424,PH03057,1,0.0,0.0,0.0,0.0,0.0
PH04371,PH00975,1,0.0,0.0,0.0,0.0,24.0
PH03076,PH01356,1,0.0,0.0,0.0,0.0,3.0
PH02995,PH04051,1,0.0,0.0,0.0,0.0,3.0
PH02413,PH03481,1,0.0,0.0,0.0,0.0,1.0
PH01640,PH02667,1,0.0,0.0,0.0,0.0,18.0
PH01900,PH03834,1,0.0,0.0,0.0,0.0,1.0
PH01883,PH02763,1,0.0,0.0,0.0,0.0,4.0
PH03816,PH00088,1,0.0,0.0,0.0,0.0,12.0
PH00824,PH04101,1,0.0,0.0,0.0,0.0,10.0
PH02962,PH00150,1,0.0,0.0,0.0,0.0,10.0
PH02255,PH02816,1,0.0,0.0,0.0,0.0,40.0
PH03743,PH00367,1,0.0,0.0,0.0,0.0,4.0
PH02546,PH04219,1,0.0,0.0,0.0,0.0,8.0
PH02073,PH00886,1,0.0,0.0,0.0,0.0,16.0
PH02617,PH00734,1,0.0,0.0,0.0,0.0,7.0
PH01685,PH03048,1,0.0,0.0,0.0,0.0,24.0
PH03277,PH00048,1,0.0,0.0,0.0,0.0,12.0
PH01018,PH00117,1,0.0,0.0,0.0,0.0,4.0
PH01204,PH03995,1,0.0,0.0,0.0,0.0,9.0
PH03645,PH02536,1,0.0,0.0,0.0,0.0,8.0
PH03736,PH03425,1,0.0,0.0,0.0,0.0,6.0
PH03261,PH02764,1,0.0,0.0,0.0,0.0,14.0
PH01480,PH01763,1,0.0,0.0,0.0,0.0,15.0
PH00907,PH03773,1,0.0,0.0,0.0,0.0,10.0
PH02654,PH04180,1,0.0,0.0,0.0,0.0,9.0
PH02906,PH01176,1,0.0,0.0,0.0,0.0,10.0
PH01677,PH03553,1,0.0,0.0,0.0,0.0,12.0
PH04343,PH01236,1,0.0,0.0,0.0,0.0,2.0
PH01470,PH04182,1,0.0,0.0,0.0,0.0,0.0
PH00447,PH02560,1,0.0,0.0,0.0,0.0,2.0
PH01168,PH04123,1,0.0,0.0,0.0,0.0,1.0
PH01550,PH00495,1,0.0,0.0,0.0,0.0,0.0
PH04325,PH01619,1,0.0,0.0,0.0,0.0,9.0
PH01118,PH03484,1,0.0,0.0,0.0,0.0,0.0
PH04290,PH04335,1,0.0,0.0,0.0,0.0,10.0
PH00905,PH03895,1,0.0,0.0,0.0,0.0,4.0
PH04208,PH04008,1,0.0,0.0,0.0,0.0,12.0
PH01071,PH03963,1,0.0,0.0,0.0,0.0,6.0
PH03186,PH04074,1,0.0,0.0,0.0,0.0,2.0
PH00827,PH03320,1,0.0,0.0,0.0,0.0,0.0
PH02018,PH02907,1,0.0,0.0,0.0,0.0,20.0
PH01149,PH02095,1,0.0,0.0,0.0,0.0,6.0
PH01534,PH02071,1,0.0,0.0,0.0,0.0,6.0
PH04485,PH03458,1,0.0,0.0,0.0,0.0,8.0
PH00417,PH03587,1,0.0,0.0,0.0,0.0,8.0
PH03201,PH04360,1,0.0,0.0,0.0,0.0,14.0
PH02559,PH00281,1,0.0,0.0,0.0,0.0,5.0
PH00784,PH00995,1,0.0,0.0,0.0,0.0,6.0
PH02354,PH02467,1,0.0,0.0,0.0,0.0,4.0
PH03982,PH02960,1,0.0,0.0,0.0,0.0,8.0
PH02876,PH00879,1,0.0,0.0,0.0,0.0,10.0
PH02112,PH03156,1,0.0,0.0,0.0,0.0,4.0
PH02484,PH02127,1,0.0,0.0,0.0,0.0,2.0
PH00063,PH02515,1,0.0,0.0,0.0,0.0,6.0
PH03701,PH04301,1,0.0,0.0,0.0,0.0,8.0
PH02309,PH02138,1,0.0,0.0,0.0,0.0,6.0
PH01743,PH04176,1,0.0,0.0,0.0,0.0,0.0
PH02482,PH02005,1,0.0,0.0,0.0,0.0,2.0
PH04166,PH01622,1,0.0,0.0,0.0,0.0,15.0
PH03608,PH03581,1,0.0,0.0,0.0,0.0,10.0
PH02965,PH01622,1,0.0,0.0,0.0,0.0,15.0
PH00267,PH02042,1,0.0,0.0,0.0,0.0,8.0
PH03853,PH00100,1,0.0,0.0,0.0,0.0,10.0
PH01183,PH03715,1,0.0,0.0,0.0,0.0,0.0
PH03023,PH03038,1,0.0,0.0,0.0,0.0,16.0
PH01881,PH04140,1,0.0,0.0,0.0,0.0,1.0
PH04020,PH03734,1,0.0,0.0,0.0,0.0,8.0
PH03428,PH04082,1,0.0,0.0,0.0,0.0,15.0
PH00749,PH02993,1,0.0,0.0,0.0,0.0,5.0
PH02093,PH03586,1,0.0,0.0,0.0,0.0,6.0
PH00418,PH03866,1,0.0,0.0,0.0,0.0,8.0
PH01712,PH04371,1,0.0,0.0,0.0,0.0,8.0
PH00701,PH00191,1,0.0,0.0,0.0,0.0,0.0
PH04447,PH02156,1,0.0,0.0,0.0,0.0,12.0
PH01921,PH04460,1,0.0,0.0,0.0,0.0,4.0
PH03694,PH00408,1,0.0,0.0,0.0,0.0,6.0
PH01584,PH03203,1,0.0,0.0,0.0,0.0,3.0
PH00610,PH03647,1,0.0,0.0,0.0,0.0,12.0
PH00812,PH03731,1,0.0,0.0,0.0,0.0,15.0
PH01369,PH02953,1,0.0,0.0,0.0,0.0,6.0
PH02348,PH01936,1,0.0,0.0,0.0,0.0,0.0
PH00310,PH00657,1,0.0,0.0,0.0,0.0,6.0
PH00377,PH00258,1,0.0,0.0,0.0,0.0,12.0
PH02522,PH03571,1,0.0,0.0,0.0,0.0,28.0
PH04457,PH02806,1,0.0,0.0,0.0,0.0,9.0
PH03139,PH01319,1,0.0,0.0,0.0,0.0,20.0
PH02523,PH03940,1,0.0,0.0,0.0,0.0,4.0
PH02734,PH03664,1,0.0,0.0,0.0,0.0,0.0
PH02072,PH01395,1,0.0,0.0,0.0,0.0,5.0
PH00565,PH01538,1,0.0,0.0,0.0,0.0,0.0
PH02686,PH03451,1,0.0,0.0,0.0,0.0,3.0
PH01117,PH04241,1,0.0,0.0,0.0,0.0,6.0
PH02536,PH00929,1,0.0,0.0,0.0,0.0,8.0
PH01680,PH02169,1,0.0,0.0,0.0,0.0,15.0
PH00581,PH03629,1,0.0,0.0,0.0,0.0,9.0
PH03642,PH00831,1,0.0,0.0,0.0,0.0,4.0
PH00119,PH03445,1,0.0,0.0,0.0,0.0,14.0
PH02707,PH00360,1,0.0,0.0,0.0,0.0,4.0
PH03234,PH01928,1,0.0,0.0,0.0,0.0,8.0
PH00931,PH01046,1,0.0,0.0,0.0,0.0,4.0
PH03864,PH00672,1,0.0,0.0,0.0,0.0,0.0
PH01053,PH02140,1,0.0,0.0,0.0,0.0,4.0
PH04179,PH00758,1,0.0,0.0,0.0,0.0,3.0
PH00511,PH03591,1,0.0,0.0,0.0,0.0,8.0
PH01416,PH00081,1,0.0,0.0,0.0,0.0,4.0
PH00491,PH04466,1,0.0,0.0,0.0,0.0,15.0
PH04042,PH03465,1,0.0,0.0,0.0,0.0,12.0
PH02020,PH02660,1,0.0,0.0,0.0,0.0,2.0
PH02765,PH00213,1,0.0,0.0,0.0,0.0,0.0
PH03026,PH02536,1,0.0,0.0,0.0,0.0,8.0
PH03878,PH01085,1,0.0,0.0,0.0,0.0,6.0
PH02776,PH00905,1,0.0,0.0,0.0,0.0,4.0
PH01177,PH02684,1,0.0,0.0,0.0,0.0,20.0
PH01773,PH02546,1,0.0,0.0,0.0,0.0,10.0
PH04475,PH02460,1,0.0,0.0,0.0,0.0,12.0
PH01191,PH01114,1,0.0,0.0,0.0,0.0,3.0
PH00668,PH01074,1,0.0,0.0,0.0,0.0,21.0
PH00029,PH01092,1,0.0,0.0,0.0,0.0,10.0
PH03249,PH00481,1,0.0,0.0,0.0,0.0,4.0
PH00113,PH02968,1,0.0,0.0,0.0,0.0,4.0
PH01544,PH00719,1,0.0,0.0,0.0,0.0,10.0
PH02604,PH01079,1,0.0,0.0,0.0,0.0,15.0
PH02759,PH01927,1,0.0,0.0,0.0,0.0,28.0
PH01332,PH02136,1,0.0,0.0,0.0,0.0,10.0
PH02150,PH03305,1,0.0,0.0,0.0,0.0,16.0
PH02497,PH01855,1,0.0,0.0,0.0,0.0,6.0
PH03997,PH03946,1,0.0,0.0,0.0,0.0,12.0
PH02027,PH04339,1,0.0,0.0,0.0,0.0,9.0
PH03026,PH01161,1,0.0,0.0,0.0,0.0,8.0
PH04328,PH01655,1,0.0,0.0,0.0,0.0,6.0
PH02521,PH01670,1,0.0,0.0,0.0,0.0,10.0
PH02406,PH01557,1,0.0,0.0,0.0,0.0,3.0
PH00499,PH04467,1,0.0,0.0,0.0,0.0,42.0
PH01853,PH01107,1,0.0,0.0,0.0,0.0,16.0
PH03082,PH04484,1,0.0,0.0,0.0,0.0,2.0
PH01813,PH00403,1,0.0,0.0,0.0,0.0,14.0
PH03457,PH01968,1,0.0,0.0,0.0,0.0,0.0
PH03734,PH03006,1,0.0,0.0,0.0,0.0,8.0
PH00959,PH02102,1,0.0,0.0,0.0,0.0,16.0
PH00269,PH02043,1,0.0,0.0,0.0,0.0,8.0
PH02064,PH00530,1,0.0,0.0,0.0,0.0,2.0
PH03408,PH02904,1,0.0,0.0,0.0,0.0,6.0
PH01763,PH02832,1,0.0,0.0,0.0,0.0,9.0
PH00530,PH03448,1,0.0,0.0,0.0,0.0,0.0
PH04259,PH04291,1,0.0,0.0,0.0,0.0,12.0
PH03448,PH04320,1,0.0,0.0,0.0,0.0,0.0
PH04304,PH02696,1,0.0,0.0,0.0,0.0,4.0
PH03224,PH04304,1,0.0,0.0,0.0,0.0,8.0
PH01828,PH01315,1,0.0,0.0,0.0,0.0,16.0
PH03962,PH03838,1,0.0,0.0,0.0,0.0,20.0
PH01655,PH03224,1,0.0,0.0,0.0,0.0,12.0
PH02904,PH03756,1,0.0,0.0,0.0,0.0,12.0
PH04320,PH02064,1,0.0,0.0,0.0,0.0,4.0
PH01315,PH01828,1,0.0,0.0,0.0,0.0,16.0
PH03756,PH03055,1,0.0,0.0,0.0,0.0,16.0
PH03055,PH03408,1,0.0,0.0,0.0,0.0,8.0
PH00976,PH03962,1,0.0,0.0,0.0,0.0,5.0
PH01718,PH00976,1,0.0,0.0,0.0,0.0,3.0
PH02832,PH01763,1,0.0,0.0,0.0,0.0,9.0
PH02696,PH01655,1,0.0,0.0,0.0,0.0,6.0
PH03838,PH01718,1,0.0,0.0,0.0,0.0,12.0
PH02064,PH00530,1,0.0,0.0,0.0,0.0,2.0
PH03408,PH02904,1,0.0,0.0,0.0,0.0,6.0
PH01763,PH02832,1,0.0,0.0,0.0,0.0,9.0
PH00692,PH04437,1,0.0,0.0,0.0,0.0,1.0
PH04432,PH00767,1,0.0,0.0,0.0,0.0,20.0
PH00530,PH03448,1,0.0,0.0,0.0,0.0,0.0
PH03448,PH04320,1,0.0,0.0,0.0,0.0,0.0
PH04304,PH02696,1,0.0,0.0,0.0,0.0,4.0
PH03224,PH04304,1,0.0,0.0,0.0,0.0,8.0
PH01828,PH01315,1,0.0,0.0,0.0,0.0,16.0
PH02464,PH03971,1,0.0,0.0,0.0,0.0,2.0
PH03962,PH03838,1,0.0,0.0,0.0,0.0,20.0
PH04371,PH02179,1,0.0,0.0,0.0,0.0,12.0
PH01655,PH03224,1,0.0,0.0,0.0,0.0,12.0
PH04188,PH00492,1,0.0,0.0,0.0,0.0,15.0
PH01094,PH00349,1,0.0,0.0,0.0,0.0,1.0
PH00100,PH01352,1,0.0,0.0,0.0,0.0,30.0
PH02418,PH03827,1,0.0,0.0,0.0,0.0,14.0
PH01006,PH01113,1,0.0,0.0,0.0,0.0,15.0
PH03512,PH01778,1,0.0,0.0,0.0,0.0,15.0
PH03644,PH02453,1,0.0,0.0,0.0,0.0,4.0
PH01327,PH03757,1,0.0,0.0,0.0,0.0,8.0
PH02591,PH01785,1,0.0,0.0,0.0,0.0,1.0
PH01363,PH04423,1,0.0,0.0,0.0,0.0,2.0
PH01282,PH02840,1,0.0,0.0,0.0,0.0,10.0
PH02746,PH02587,1,0.0,0.0,0.0,0.0,0.0
PH02951,PH03166,1,0.0,0.0,0.0,0.0,35.0
PH00695,PH01666,1,0.0,0.0,0.0,0.0,3.0
PH02516,PH00284,1,0.0,0.0,0.0,0.0,0.0
PH00448,PH00797,1,0.0,0.0,0.0,0.0,2.0
PH00380,PH02057,1,0.0,0.0,0.0,0.0,12.0
PH02438,PH04360,1,0.0,0.0,0.0,0.0,35.0
PH03441,PH01510,1,0.0,0.0,0.0,0.0,15.0
PH00252,PH01075,1,0.0,0.0,0.0,0.0,0.0
PH02943,PH02224,1,0.0,0.0,0.0,0.0,20.0
PH03109,PH00491,1,0.0,0.0,0.0,0.0,5.0
PH03641,PH03386,1,0.0,0.0,0.0,0.0,12.0
PH01920,PH03317,1,0.0,0.0,0.0,0.0,0.0
PH01307,PH01773,1,0.0,0.0,0.0,0.0,25.0
PH03335,PH01861,1,0.0,0.0,0.0,0.0,8.0
PH01002,PH00109,1,0.0,0.0,0.0,0.0,4.0
PH01645,PH03659,1,0.0,0.0,0.0,0.0,4.0
PH02486,PH04267,1,0.0,0.0,0.0,0.0,16.0
PH04125,PH03515,1,0.0,0.0,0.0,0.0,9.0
PH01029,PH01934,1,0.0,0.0,0.0,0.0,24.0
PH03914,PH00453,1,0.0,0.0,0.0,0.0,4.0
PH00810,PH03470,1,0.0,0.0,0.0,0.0,4.0
PH04254,PH03500,1,0.0,0.0,0.0,0.0,4.0
PH03225,PH04066,1,0.0,0.0,0.0,0.0,6.0
PH00797,PH03921,1,0.0,0.0,0.0,0.0,4.0
PH03553,PH02475,1,0.0,0.0,0.0,0.0,20.0
PH03574,PH00070,1,0.0,0.0,0.0,0.0,16.0
PH00987,PH03365,1,0.0,0.0,0.0,0.0,12.0
PH00518,PH00501,1,0.0,0.0,0.0,0.0,9.0
PH01570,PH01016,1,0.0,0.0,0.0,0.0,4.0
PH00441,PH03126,1,0.0,0.0,0.0,0.0,2.0
PH03175,PH03959,1,0.0,0.0,0.0,0.0,18.0
PH03532,PH00397,1,0.0,0.0,0.0,0.0,9.0
PH02588,PH01103,1,0.0,0.0,0.0,0.0,2.0
PH03428,PH03530,1,0.0,0.0,0.0,0.0,6.0
PH04500,PH04316,1,0.0,0.0,0.0,0.0,8.0
PH04397,PH04133,1,0.0,0.0,0.0,0.0,27.0
PH01154,PH01567,1,0.0,0.0,0.0,0.0,8.0
PH01911,PH02224,1,0.0,0.0,0.0,0.0,0.0
PH01420,PH01483,1,0.0,0.0,0.0,0.0,18.0
PH04233,PH03536,1,0.0,0.0,0.0,0.0,8.0
PH00946,PH01807,1,0.0,0.0,0.0,0.0,6.0
PH02581,PH00519,1,1.0,0.2,0.6213349345596119,0.2,8.0
PH02406,PH01623,1,0.0,0.0,0.0,0.0,3.0
PH04423,PH04445,1,0.0,0.0,0.0,0.0,1.0
PH00866,PH03150,1,0.0,0.0,0.0,0.0,0.0
PH04318,PH03491,1,0.0,0.0,0.0,0.0,9.0
PH02356,PH02210,1,0.0,0.0,0.0,0.0,12.0
PH00982,PH00433,1,0.0,0.0,0.0,0.0,20.0
PH03363,PH00425,1,0.0,0.0,0.0,0.0,5.0
PH00863,PH02688,1,0.0,0.0,0.0,0.0,8.0
PH04067,PH02773,1,0.0,0.0,0.0,0.0,12.0
PH03553,PH04095,1,0.0,0.0,0.0,0.0,12.0
PH00111,PH02035,1,0.0,0.0,0.0,0.0,2.0
PH00872,PH02923,1,0.0,0.0,0.0,0.0,1.0
PH03028,PH03916,1,0.0,0.0,0.0,0.0,9.0
PH01441,PH01065,1,0.0,0.0,0.0,0.0,16.0
PH03567,PH01793,1,0.0,0.0,0.0,0.0,2.0
PH01794,PH01333,1,0.0,0.0,0.0,0.0,4.0
PH00923,PH01492,1,0.0,0.0,0.0,0.0,8.0
PH00655,PH02246,1,0.0,0.0,0.0,0.0,0.0
PH03013,PH02526,1,0.0,0.0,0.0,0.0,8.0
PH02709,PH03715,1,0.0,0.0,0.0,0.0,2.0
PH01264,PH02201,1,0.0,0.0,0.0,0.0,14.0
PH03864,PH02717,1,0.0,0.0,0.0,0.0,0.0
PH04097,PH00076,1,0.0,0.0,0.0,0.0,10.0
PH03203,PH00196,1,0.0,0.0,0.0,0.0,6.0
PH03831,PH01528,1,0.0,0.0,0.0,0.0,30.0
PH04385,PH00791,1,0.0,0.0,0.0,0.0,4.0
PH01543,PH01495,1,0.0,0.0,0.0,0.0,0.0
PH02754,PH00830,1,0.0,0.0,0.0,0.0,15.0
PH00354,PH00033,1,0.0,0.0,0.0,0.0,10.0
PH02889,PH01033,1,0.0,0.0,0.0,0.0,30.0
PH00662,PH01775,1,0.0,0.0,0.0,0.0,16.0
PH03107,PH02757,1,0.0,0.0,0.0,0.0,25.0
PH02568,PH02168,1,0.0,0.0,0.0,0.0,6.0
PH04109,PH01272,1,0.0,0.0,0.0,0.0,9.0
PH00382,PH00998,1,0.0,0.0,0.0,0.0,10.0
PH00138,PH00201,1,0.0,0.0,0.0,0.0,30.0
PH02053,PH01086,1,0.0,0.0,0.0,0.0,4.0
PH03277,PH03868,1,0.0,0.0,0.0,0.0,9.0
PH00815,PH01402,1,0.0,0.0,0.0,0.0,4.0
PH02584,PH00192,1,0.0,0.0,0.0,0.0,16.0
PH00347,PH04041,1,0.0,0.0,0.0,0.0,10.0
PH00398,PH02531,1,0.0,0.0,0.0,0.0,6.0
PH01947,PH03612,1,0.0,0.0,0.0,0.0,3.0
PH03618,PH01657,1,0.0,0.0,0.0,0.0,4.0
PH03156,PH03421,1,0.0,0.0,0.0,0.0,6.0
PH01802,PH01796,1,0.0,0.0,0.0,0.0,0.0
PH02379,PH02252,1,0.0,0.0,0.0,0.0,4.0
PH04455,PH03208,1,0.0,0.0,0.0,0.0,5.0
PH01501,PH04408,1,0.0,0.0,0.0,0.0,12.0
PH00584,PH00471,1,0.0,0.0,0.0,0.0,8.0
PH02328,PH00616,1,0.0,0.0,0.0,0.0,40.0
PH04169,PH00556,1,0.0,0.0,0.0,0.0,0.0
PH02336,PH04366,1,0.0,0.0,0.0,0.0,0.0
PH01396,PH04436,1,0.0,0.0,0.0,0.0,3.0
PH02560,PH01449,1,0.0,0.0,0.0,0.0,1.0
PH04272,PH01118,1,0.0,0.0,0.0,0.0,5.0
PH04107,PH03918,1,0.0,0.0,0.0,0.0,4.0
PH03383,PH00757,1,0.0,0.0,0.0,0.0,20.0
PH02636,PH02666,1,0.0,0.0,0.0,0.0,0.0
PH02304,PH01122,1,0.0,0.0,0.0,0.0,10.0
PH03389,PH01009,1,0.0,0.0,0.0,0.0,2.0
PH04054,PH00158,1,0.0,0.0,0.0,0.0,20.0
PH02951,PH04039,1,0.0,0.0,0.0,0.0,15.0
PH01248,PH03550,1,0.0,0.0,0.0,0.0,12.0
PH01502,PH02124,1,0.0,0.0,0.0,0.0,16.0
PH03289,PH00954,1,0.0,0.0,0.0,0.0,4.0
PH00730,PH03930,1,0.0,0.0,0.0,0.0,8.0
PH02052,PH03204,1,0.0,0.0,0.0,0.0,12.0
PH01399,PH01013,1,0.0,0.0,0.0,0.0,20.0
PH01243,PH01505,1,0.0,0.0,0.0,0.0,9.0
PH00602,PH02640,1,0.0,0.0,0.0,0.0,5.0
PH01444,PH00238,1,0.0,0.0,0.0,0.0,6.0
PH01230,PH02786,1,0.0,0.0,0.0,0.0,8.0
PH03614,PH00674,1,0.0,0.0,0.0,0.0,4.0
PH04231,PH01826,1,0.0,0.0,0.0,0.0,9.0
PH02609,PH00313,1,0.0,0.0,0.0,0.0,12.0
PH03637,PH02440,1,0.0,0.0,0.0,0.0,6.0
PH00557,PH00918,1,0.0,0.0,0.0,0.0,5.0
PH02706,PH04142,1,0.0,0.0,0.0,0.0,16.0
PH03977,PH04485,1,0.0,0.0,0.0,0.0,10.0
PH02828,PH01388,1,0.0,0.0,0.0,0.0,4.0
PH00903,PH02115,1,0.0,0.0,0.0,0.0,0.0
PH02180,PH03867,1,0.0,0.0,0.0,0.0,4.0
PH02761,PH02939,1,0.0,0.0,0.0,0.0,8.0
PH04067,PH00571,1,0.0,0.0,0.0,0.0,4.0
PH01055,PH02355,1,0.0,0.0,0.0,0.0,3.0
PH00944,PH02295,1,0.0,0.0,0.0,0.0,3.0
PH02485,PH00281,1,0.0,0.0,0.0,0.0,15.0
PH02826,PH03190,1,0.0,0.0,0.0,0.0,12.0
PH02122,PH01016,1,0.0,0.0,0.0,0.0,6.0
PH02321,PH02541,1,0.0,0.0,0.0,0.0,3.0
PH03678,PH01429,1,0.0,0.0,0.0,0.0,5.0
PH00480,PH01778,1,0.0,0.0,0.0,0.0,9.0
PH01620,PH00664,1,0.0,0.0,0.0,0.0,9.0
PH03125,PH01993,1,0.0,0.0,0.0,0.0,20.0
PH03877,PH01196,1,0.0,0.0,0.0,0.0,15.0
PH01745,PH02053,1,0.0,0.0,0.0,0.0,8.0
PH00022,PH02336,1,0.0,0.0,0.0,0.0,0.0
PH01394,PH00419,1,0.0,0.0,0.0,0.0,24.0
PH01026,PH01516,1,0.0,0.0,0.0,0.0,7.0
PH01682,PH03170,1,0.0,0.0,0.0,0.0,6.0
PH03596,PH00285,1,0.0,0.0,0.0,0.0,10.0
PH00995,PH03903,1,0.0,0.0,0.0,0.0,6.0
PH01280,PH04419,1,0.0,0.0,0.0,0.0,1.0
PH04377,PH03109,1,0.0,0.0,0.0,0.0,3.0
PH01630,PH00933,1,0.0,0.0,0.0,0.0,3.0
PH02775,PH04110,1,0.0,0.0,0.0,0.0,12.0
PH01743,PH03247,1,0.0,0.0,0.0,0.0,0.0
PH02368,PH00015,1,0.0,0.0,0.0,0.0,12.0
PH01052,PH00251,1,0.0,0.0,0.0,0.0,36.0
PH00299,PH02466,1,0.0,0.0,0.0,0.0,24.0
PH02443,PH03403,1,0.0,0.0,0.0,0.0,15.0
PH01156,PH02404,1,0.0,0.0,0.0,0.0,8.0
PH00124,PH02165,1,0.0,0.0,0.0,0.0,10.0
PH03494,PH00441,1,0.0,0.0,0.0,0.0,10.0
PH01305,PH03504,1,0.0,0.0,0.0,0.0,8.0
PH00794,PH01480,1,0.0,0.0,0.0,0.0,25.0
PH02117,PH00771,1,0.0,0.0,0.0,0.0,0.0
PH02302,PH01634,1,0.0,0.0,0.0,0.0,35.0
PH02844,PH01377,1,0.0,0.0,0.0,0.0,6.0
PH00504,PH03417,1,0.0,0.0,0.0,0.0,9.0
PH01521,PH04025,1,0.0,0.0,0.0,0.0,8.0
PH02982,PH03839,1,0.0,0.0,0.0,0.0,3.0
PH00032,PH03061,1,0.0,0.0,0.0,0.0,5.0
PH01998,PH01761,1,0.0,0.0,0.0,0.0,5.0
PH04467,PH00412,1,0.0,0.0,0.0,0.0,6.0
PH01880,PH00532,1,0.0,0.0,0.0,0.0,9.0
PH01582,PH01811,1,0.0,0.0,0.0,0.0,0.0
PH01464,PH02490,1,0.0,0.0,0.0,0.0,12.0
PH04424,PH00925,1,0.0,0.0,0.0,0.0,4.0
PH01517,PH00232,1,0.0,0.0,0.0,0.0,0.0
PH01192,PH03417,1,0.0,0.0,0.0,0.0,6.0
PH03320,PH04042,1,0.0,0.0,0.0,0.0,0.0
PH02133,PH00472,1,0.0,0.0,0.0,0.0,3.0
PH04018,PH01750,1,0.0,0.0,0.0,0.0,3.0
PH00063,PH00022,1,0.0,0.0,0.0,0.0,3.0
PH00612,PH01341,1,0.0,0.0,0.0,0.0,2.0
PH04055,PH02028,1,0.0,0.0,0.0,0.0,3.0
PH00848,PH00487,1,0.0,0.0,0.0,0.0,8.0
PH00687,PH03333,1,0.0,0.0,0.0,0.0,25.0
PH02480,PH02492,1,0.0,0.0,0.0,0.0,20.0
PH03281,PH02171,1,0.0,0.0,0.0,0.0,4.0
PH00065,PH00749,1,0.0,0.0,0.0,0.0,4.0
PH01716,PH03072,1,0.0,0.0,0.0,0.0,0.0
PH02972,PH04476,1,0.0,0.0,0.0,0.0,12.0
PH01770,PH03678,1,0.0,0.0,0.0,0.0,30.0
PH02106,PH03924,1,0.0,0.0,0.0,0.0,16.0
PH01107,PH00229,1,0.0,0.0,0.0,0.0,32.0
PH03395,PH00071,1,0.0,0.0,0.0,0.0,12.0
PH01716,PH00605,1,0.0,0.0,0.0,0.0,0.0
PH02106,PH04146,1,0.0,0.0,0.0,0.0,8.0
PH01926,PH01904,1,0.0,0.0,0.0,0.0,0.0
PH00555,PH04163,1,0.0,0.0,0.0,0.0,3.0
PH00287,PH02398,1,0.0,0.0,0.0,0.0,0.0
PH02656,PH03081,1,0.0,0.0,0.0,0.0,15.0
PH00812,PH03457,1,0.0,0.0,0.0,0.0,0.0
PH01899,PH01340,1,0.0,0.0,0.0,0.0,12.0
PH04453,PH00411,1,0.0,0.0,0.0,0.0,1.0
PH01686,PH00244,1,0.0,0.0,0.0,0.0,6.0
PH03274,PH03319,1,0.0,0.0,0.0,0.0,1.0
PH01104,PH04469,1,0.0,0.0,0.0,0.0,3.0
PH01040,PH04337,1,0.0,0.0,0.0,0.0,1.0
PH02830,PH02371,1,0.0,0.0,0.0,0.0,12.0
PH03961,PH01446,1,0.0,0.0,0.0,0.0,0.0
PH01369,PH02411,1,0.0,0.0,0.0,0.0,2.0
PH03669,PH01932,1,0.0,0.0,0.0,0.0,18.0
PH02250,PH00628,1,0.0,0.0,0.0,0.0,0.0
PH01820,PH00911,1,0.0,0.0,0.0,0.0,12.0
PH02983,PH00769,1,0.0,0.0,0.0,0.0,2.0
PH03690,PH03588,1,0.0,0.0,0.0,0.0,20.0
PH02154,PH02617,1,0.0,0.0,0.0,0.0,7.0
PH02924,PH00828,1,0.0,0.0,0.0,0.0,14.0
PH03683,PH03162,1,0.0,0.0,0.0,0.0,21.0
PH04396,PH02021,1,0.0,0.0,0.0,0.0,6.0
PH01371,PH03642,1,0.0,0.0,0.0,0.0,0.0
PH04257,PH01297,1,0.0,0.0,0.0,0.0,20.0
PH04310,PH02110,1,0.0,0.0,0.0,0.0,8.0
PH02765,PH00682,1,0.0,0.0,0.0,0.0,0.0
PH03998,PH04321,1,0.0,0.0,0.0,0.0,25.0
PH03330,PH03896,1,0.0,0.0,0.0,0.0,5.0
PH02848,PH01055,1,0.0,0.0,0.0,0.0,3.0
PH00003,PH03394,1,0.0,0.0,0.0,0.0,6.0
PH01906,PH00913,1,0.0,0.0,0.0,0.0,10.0
PH02727,PH01150,1,0.0,0.0,0.0,0.0,6.0
PH02362,PH00787,1,0.0,0.0,0.0,0.0,15.0
PH02431,PH02879,1,0.0,0.0,0.0,0.0,15.0
PH04206,PH03945,1,0.0,0.0,0.0,0.0,6.0
PH03556,PH03360,1,0.0,0.0,0.0,0.0,8.0
PH03805,PH00083,1,0.0,0.0,0.0,0.0,6.0
PH03044,PH00452,1,0.0,0.0,0.0,0.0,8.0
PH00238,PH04473,1,0.0,0.0,0.0,0.0,6.0
PH03379,PH02649,1,0.0,0.0,0.0,0.0,12.0
PH03548,PH03112,1,0.0,0.0,0.0,0.0,2.0
PH04246,PH04129,1,0.0,0.0,0.0,0.0,3.0
PH01790,PH03979,1,0.0,0.0,0.0,0.0,8.0
PH04416,PH01290,1,0.0,0.0,0.0,0.0,12.0
PH00343,PH02422,1,0.0,0.0,0.0,0.0,4.0
PH03368,PH03193,1,0.0,0.0,0.0,0.0,24.0
PH01968,PH00478,1,0.0,0.0,0.0,0.0,4.0
PH01003,PH04410,1,0.0,0.0,0.0,0.0,10.0
PH01640,PH03243,1,0.0,0.0,0.0,0.0,24.0
PH02887,PH00336,1,0.0,0.0,0.0,0.0,4.0
PH01174,PH04425,1,0.0,0.0,0.0,0.0,6.0
PH03126,PH01140,1,0.0,0.0,0.0,0.0,1.0
PH01472,PH02155,1,0.0,0.0,0.0,0.0,0.0
PH01350,PH02068,1,0.0,0.0,0.0,0.0,9.0
PH01385,PH02246,1,0.0,0.0,0.0,0.0,1.0
PH04441,PH02117,1,0.0,0.0,0.0,0.0,0.0
PH02829,PH02016,1,0.0,0.0,0.0,0.0,6.0
PH03858,PH03122,1,0.0,0.0,0.0,0.0,2.0
PH02463,PH02177,1,0.0,0.0,0.0,0.0,2.0
PH03426,PH00450,1,0.0,0.0,0.0,0.0,2.0
PH03012,PH00294,1,0.0,0.0,0.0,0.0,10.0
PH03498,PH01843,1,0.0,0.0,0.0,0.0,9.0
PH03121,PH04097,1,0.0,0.0,0.0,0.0,5.0
PH02926,PH03824,1,0.0,0.0,0.0,0.0,4.0
PH03949,PH00906,1,0.0,0.0,0.0,0.0,2.0
PH02320,PH03768,1,0.0,0.0,0.0,0.0,4.0
PH03762,PH01732,1,0.0,0.0,0.0,0.0,0.0
PH03651,PH01130,1,0.0,0.0,0.0,0.0,2.0
PH04051,PH01512,1,0.0,0.0,0.0,0.0,9.0
PH00552,PH00553,1,0.0,0.0,0.0,0.0,14.0
PH00696,PH01578,1,0.0,0.0,0.0,0.0,0.0
PH04209,PH02210,1,0.0,0.0,0.0,0.0,3.0
PH01631,PH03857,1,0.0,0.0,0.0,0.0,8.0
PH03376,PH00848,1,0.0,0.0,0.0,0.0,8.0
PH01214,PH00111,1,0.0,0.0,0.0,0.0,0.0
PH01876,PH02061,1,0.0,0.0,0.0,0.0,2.0
PH01838,PH00588,1,0.0,0.0,0.0,0.0,6.0
PH02783,PH00516,1,0.0,0.0,0.0,0.0,6.0
PH02290,PH00145,1,0.0,0.0,0.0,0.0,12.0
PH01717,PH02056,1,0.0,0.0,0.0,0.0,15.0
PH02676,PH00421,1,0.0,0.0,0.0,0.0,15.0
PH01035,PH00280,1,0.0,0.0,0.0,0.0,15.0
PH00611,PH03668,1,0.0,0.0,0.0,0.0,9.0
PH03320,PH00606,1,0.0,0.0,0.0,0.0,0.0
PH02962,PH01275,1,0.0,0.0,0.0,0.0,25.0
PH01062,PH00454,1,0.0,0.0,0.0,0.0,6.0
PH01550,PH04277,1,0.0,0.0,0.0,0.0,1.0
PH02071,PH04207,1,0.0,0.0,0.0,0.0,9.0
PH04362,PH02034,1,0.0,0.0,0.0,0.0,8.0
PH01123,PH01613,1,0.0,0.0,0.0,0.0,2.0
PH00567,PH01797,1,0.0,0.0,0.0,0.0,4.0
PH02387,PH04190,1,0.0,0.0,0.0,0.0,12.0
PH01924,PH01579,1,0.0,0.0,0.0,0.0,9.0
PH00189,PH04192,1,0.0,0.0,0.0,0.0,2.0
PH03241,PH00847,1,0.0,0.0,0.0,0.0,24.0
PH01820,PH03756,1,0.0,0.0,0.0,0.0,12.0
PH02642,PH00072,1,0.0,0.0,0.0,0.0,3.0
PH01492,PH03390,1,0.0,0.0,0.0,0.0,8.0
PH04471,PH01511,1,0.0,0.0,0.0,0.0,8.0
PH01143,PH01165,1,0.0,0.0,0.0,0.0,20.0
PH02778,PH03556,1,0.0,0.0,0.0,0.0,8.0
PH01007,PH02326,1,0.0,0.0,0.0,0.0,9.0
PH03588,PH01964,1,0.0,0.0,0.0,0.0,20.0
PH00495,PH01709,1,0.0,0.0,0.0,0.0,0.0
PH02837,PH04366,1,0.0,0.0,0.0,0.0,15.0
PH02855,PH01529,1,0.0,0.0,0.0,0.0,3.0
PH03566,PH02163,1,1.0,0.3333333333333333,0.9102392266268373,0.3333333333333333,4.0
PH00711,PH00763,1,0.0,0.0,0.0,0.0,4.0
PH04219,PH00657,1,0.0,0.0,0.0,0.0,12.0
PH03494,PH01058,1,0.0,0.0,0.0,0.0,0.0
PH03492,PH03043,1,0.0,0.0,0.0,0.0,40.0
PH04155,PH03628,1,0.0,0.0,0.0,0.0,8.0
PH03795,PH01895,1,0.0,0.0,0.0,0.0,10.0
PH01673,PH01185,1,0.0,0.0,0.0,0.0,0.0
PH01515,PH04475,1,0.0,0.0,0.0,0.0,8.0
PH01240,PH01067,1,0.0,0.0,0.0,0.0,0.0
PH02818,PH01841,1,0.0,0.0,0.0,0.0,3.0
PH03041,PH03026,1,0.0,0.0,0.0,0.0,16.0
PH01493,PH00260,1,0.0,0.0,0.0,0.0,2.0
PH04252,PH02817,1,0.0,0.0,0.0,0.0,2.0
PH00019,PH03362,1,0.0,0.0,0.0,0.0,10.0
PH04477,PH00559,1,0.0,0.0,0.0,0.0,6.0
PH03298,PH00249,1,0.0,0.0,0.0,0.0,2.0
PH00631,PH02126,1,0.0,0.0,0.0,0.0,6.0
PH03072,PH04004,1,0.0,0.0,0.0,0.0,8.0
PH01980,PH01516,1,0.0,0.0,0.0,0.0,5.0
PH01656,PH02257,1,0.0,0.0,0.0,0.0,12.0
PH01143,PH03955,1,0.0,0.0,0.0,0.0,4.0
PH04129,PH00295,1,0.0,0.0,0.0,0.0,4.0
PH02881,PH03840,1,0.0,0.0,0.0,0.0,4.0
PH00560,PH00543,1,0.0,0.0,0.0,0.0,4.0
PH00434,PH02178,1,0.0,0.0,0.0,0.0,3.0
PH04417,PH02636,1,0.0,0.0,0.0,0.0,0.0
PH01144,PH02692,1,0.0,0.0,0.0,0.0,30.0
PH03582,PH00158,1,0.0,0.0,0.0,0.0,20.0
PH01608,PH04377,1,0.0,0.0,0.0,0.0,6.0
PH02662,PH00674,1,0.0,0.0,0.0,0.0,12.0
PH03307,PH01023,1,0.0,0.0,0.0,0.0,6.0
PH01934,PH01083,1,0.0,0.0,0.0,0.0,24.0
PH04493,PH01475,1,0.0,0.0,0.0,0.0,12.0
PH02959,PH02373,1,0.0,0.0,0.0,0.0,1.0
PH01017,PH04471,1,0.0,0.0,0.0,0.0,4.0
PH03039,PH02735,1,0.0,0.0,0.0,0.0,24.0
PH04372,PH04255,1,0.0,0.0,0.0,0.0,20.0
PH04338,PH00590,1,0.0,0.0,0.0,0.0,4.0
PH02007,PH02652,1,0.0,0.0,0.0,0.0,2.0
PH01506,PH02039,1,0.0,0.0,0.0,0.0,10.0
PH01010,PH02401,1,0.0,0.0,0.0,0.0,6.0
PH02787,PH00949,1,0.0,0.0,0.0,0.0,6.0
PH00405,PH04196,1,0.0,0.0,0.0,0.0,3.0
PH00521,PH04297,1,0.0,0.0,0.0,0.0,20.0
PH03395,PH00664,1,0.0,0.0,0.0,0.0,12.0
PH00082,PH04220,1,0.0,0.0,0.0,0.0,16.0
PH02535,PH00629,1,0.0,0.0,0.0,0.0,0.0
PH00605,PH04473,1,0.0,0.0,0.0,0.0,6.0
PH02801,PH02910,1,0.0,0.0,0.0,0.0,18.0
PH01554,PH02949,1,0.0,0.0,0.0,0.0,24.0
PH02125,PH02705,1,0.0,0.0,0.0,0.0,3.0
PH01606,PH01653,1,0.0,0.0,0.0,0.0,4.0
PH03203,PH00484,1,0.0,0.0,0.0,0.0,9.0
PH00860,PH00433,1,0.0,0.0,0.0,0.0,16.0
PH03811,PH01106,1,0.0,0.0,0.0,0.0,4.0
PH04216,PH03249,1,0.0,0.0,0.0,0.0,6.0
PH01251,PH01697,1,0.0,0.0,0.0,0.0,8.0
PH02759,PH04129,1,0.0,0.0,0.0,0.0,7.0
PH04441,PH01488,1,0.0,0.0,0.0,0.0,6.0
PH02974,PH02061,1,0.0,0.0,0.0,0.0,3.0
PH04296,PH01107,1,0.0,0.0,0.0,0.0,16.0
PH03927,PH00359,1,0.0,0.0,0.0,0.0,4.0
PH00978,PH03875,1,0.0,0.0,0.0,0.0,15.0
PH04186,PH02061,1,0.0,0.0,0.0,0.0,5.0
PH01792,PH00359,1,0.0,0.0,0.0,0.0,0.0
PH04081,PH04152,1,0.0,0.0,0.0,0.0,20.0
PH03397,PH03249,1,0.0,0.0,0.0,0.0,8.0
PH03249,PH00359,1,0.0,0.0,0.0,0.0,8.0
PH02372,PH02974,1,0.0,0.0,0.0,0.0,9.0
PH02372,PH00978,1,0.0,0.0,0.0,0.0,9.0
PH04027,PH03397,1,0.0,0.0,0.0,0.0,16.0
PH04186,PH00232,1,0.0,0.0,0.0,0.0,0.0
PH04081,PH03397,1,0.0,0.0,0.0,0.0,16.0
PH02372,PH04186,1,0.0,0.0,0.0,0.0,15.0
PH04027,PH00232,1,0.0,0.0,0.0,0.0,0.0
PH04186,PH03927,1,0.0,0.0,0.0,0.0,5.0
PH00232,PH00359,1,0.0,0.0,0.0,0.0,0.0
PH01792,PH00232,1,0.0,0.0,0.0,0.0,0.0
PH04081,PH00359,1,0.0,0.0,0.0,0.0,16.0
PH02974,PH03875,1,0.0,0.0,0.0,0.0,15.0
PH04081,PH03249,1,0.0,0.0,0.0,0.0,8.0
PH04296,PH00407,1,0.0,0.0,0.0,0.0,28.0
PH04027,PH02974,1,0.0,0.0,0.0,0.0,12.0
PH01176,PH01599,1,0.0,0.0,0.0,0.0,30.0
PH04296,PH03809,1,0.0,0.0,0.0,0.0,12.0
PH02598,PH01107,1,0.0,0.0,0.0,0.0,4.0
PH01792,PH00978,1,0.0,0.0,0.0,0.0,0.0
PH04186,PH03809,1,0.0,0.0,0.0,0.0,15.0
PH02372,PH00359,1,0.0,0.0,0.0,0.0,12.0
PH04296,PH02061,1,0.0,0.0,0.0,0.0,4.0
PH02598,PH00407,1,0.0,0.0,0.0,0.0,7.0
PH04186,PH03249,1,0.0,0.0,0.0,0.0,10.0
PH03927,PH02061,1,0.0,0.0,0.0,0.0,1.0
PH00978,PH04081,1,0.0,0.0,0.0,0.0,12.0
PH03809,PH00359,1,0.0,0.0,0.0,0.0,12.0
PH04296,PH04081,1,0.0,0.0,0.0,0.0,16.0
PH00407,PH00978,1,0.0,0.0,0.0,0.0,21.0
PH04296,PH02598,1,0.0,0.0,0.0,0.0,4.0
PH02372,PH03809,1,0.0,0.0,0.0,0.0,9.0
PH03397,PH00359,1,0.0,0.0,0.0,0.0,16.0
PH01107,PH03809,1,0.0,0.0,0.0,0.0,12.0
PH01792,PH00407,1,0.0,0.0,0.0,0.0,0.0
PH01792,PH04081,1,0.0,0.0,0.0,0.0,0.0
PH01792,PH03249,1,0.0,0.0,0.0,0.0,0.0
PH03875,PH02061,1,0.0,0.0,0.0,0.0,5.0
PH04152,PH00359,1,0.0,0.0,0.0,0.0,20.0
PH04186,PH00407,1,0.0,0.0,0.0,0.0,35.0
PH02598,PH00359,1,0.0,0.0,0.0,0.0,4.0
PH00232,PH04152,1,0.0,0.0,0.0,0.0,0.0
PH01107,PH02061,1,0.0,0.0,0.0,0.0,4.0
PH02983,PH02195,1,0.0,0.0,0.0,0.0,10.0
PH00407,PH03875,1,0.0,0.0,0.0,0.0,35.0
PH02372,PH03927,1,0.0,0.0,0.0,0.0,3.0
PH04027,PH04081,1,0.0,0.0,0.0,0.0,16.0
PH04027,PH02061,1,0.0,0.0,0.0,0.0,4.0
PH00232,PH01107,1,0.0,0.0,0.0,0.0,0.0
PH02974,PH04152,1,0.0,0.0,0.0,0.0,15.0
PH04296,PH04186,1,0.0,0.0,0.0,0.0,20.0
PH02360,PH04403,1,0.0,0.0,0.0,0.0,12.0
PH04485,PH03907,1,0.0,0.0,0.0,0.0,10.0
PH01715,PH00674,1,0.0,0.0,0.0,0.0,4.0
PH01735,PH00929,1,0.0,0.0,0.0,0.0,12.0
PH04185,PH00584,1,0.0,0.0,0.0,0.0,8.0
PH03759,PH02915,1,0.0,0.0,0.0,0.0,8.0
PH00317,PH00560,1,0.0,0.0,0.0,0.0,12.0
PH02895,PH03174,1,0.0,0.0,0.0,0.0,32.0
PH00206,PH01450,1,0.0,0.0,0.0,0.0,36.0
PH04450,PH02327,1,0.0,0.0,0.0,0.0,10.0
PH01308,PH03895,1,0.0,0.0,0.0,0.0,12.0
PH03850,PH03174,1,0.0,0.0,0.0,0.0,12.0
PH03483,PH01674,1,0.0,0.0,0.0,0.0,36.0
PH03895,PH03483,1,0.0,0.0,0.0,0.0,24.0
PH02327,PH04267,1,2.0,0.25,1.4683498531780845,0.5,16.0
PH04223,PH01602,1,0.0,0.0,0.0,0.0,25.0
PH03254,PH03174,1,0.0,0.0,0.0,0.0,20.0
PH02895,PH00890,1,0.0,0.0,0.0,0.0,48.0
PH01388,PH03483,1,0.0,0.0,0.0,0.0,24.0
PH01308,PH00890,1,0.0,0.0,0.0,0.0,18.0
PH01602,PH03174,1,0.0,0.0,0.0,0.0,20.0
PH02591,PH02241,1,0.0,0.0,0.0,0.0,3.0
PH01388,PH02390,1,0.0,0.0,0.0,0.0,24.0
PH01674,PH01602,1,0.0,0.0,0.0,0.0,30.0
PH02327,PH01450,1,0.0,0.0,0.0,0.0,12.0
PH01388,PH03807,1,0.0,0.0,0.0,0.0,20.0
PH04223,PH03807,1,0.0,0.0,0.0,0.0,25.0
PH01388,PH00890,1,0.0,0.0,0.0,0.0,24.0
PH02327,PH03895,1,0.0,0.0,0.0,0.0,8.0
PH01388,PH03254,1,0.0,0.0,0.0,0.0,20.0
PH02327,PH03850,1,0.0,0.0,0.0,0.0,6.0
PH03254,PH02895,1,0.0,0.0,0.0,0.0,40.0
PH02895,PH03807,1,0.0,0.0,0.0,0.0,40.0
PH01910,PH03895,1,2.0,0.3333333333333333,1.3426824550040934,0.45,16.0
PH03807,PH01674,1,0.0,0.0,0.0,0.0,30.0
PH01308,PH04223,1,0.0,0.0,0.0,0.0,15.0
PH01910,PH01388,1,0.0,0.0,0.0,0.0,16.0
PH01602,PH01450,1,0.0,0.0,0.0,0.0,30.0
PH01308,PH01674,1,0.0,0.0,0.0,0.0,18.0
PH03254,PH01450,1,0.0,0.0,0.0,0.0,30.0
PH03895,PH01602,1,0.0,0.0,0.0,0.0,20.0
PH01308,PH01602,1,0.0,0.0,0.0,0.0,15.0
PH04223,PH03174,1,0.0,0.0,0.0,0.0,20.0
PH04223,PH01450,1,2.0,0.2222222222222222,1.179445561110859,0.3666666666666667,30.0
PH04450,PH01910,1,0.0,0.0,0.0,0.0,20.0
PH01910,PH03483,1,0.0,0.0,0.0,0.0,24.0
PH03850,PH01450,1,0.0,0.0,0.0,0.0,18.0
PH03254,PH00206,1,0.0,0.0,0.0,0.0,30.0
PH03895,PH04267,1,0.0,0.0,0.0,0.0,32.0
PH01910,PH01450,1,0.0,0.0,0.0,0.0,24.0
PH04450,PH00206,1,0.0,0.0,0.0,0.0,30.0
PH01910,PH02895,1,0.0,0.0,0.0,0.0,32.0
PH03254,PH04267,1,0.0,0.0,0.0,0.0,40.0
PH01910,PH02390,1,0.0,0.0,0.0,0.0,24.0
PH01308,PH03850,1,0.0,0.0,0.0,0.0,9.0
PH02895,PH03895,1,0.0,0.0,0.0,0.0,32.0
PH00206,PH03174,1,0.0,0.0,0.0,0.0,24.0
PH02895,PH01602,1,0.0,0.0,0.0,0.0,40.0
PH00890,PH00206,1,0.0,0.0,0.0,0.0,36.0
PH02327,PH01308,1,0.0,0.0,0.0,0.0,6.0
PH03254,PH04223,1,0.0,0.0,0.0,0.0,25.0
PH04450,PH01308,1,0.0,0.0,0.0,0.0,15.0
PH02895,PH03483,1,0.0,0.0,0.0,0.0,48.0
PH01388,PH04267,1,0.0,0.0,0.0,0.0,32.0
PH03807,PH03174,1,0.0,0.0,0.0,0.0,20.0
PH03275,PH02384,1,0.0,0.0,0.0,0.0,12.0
PH00816,PH02413,1,0.0,0.0,0.0,0.0,1.0
PH02783,PH00290,1,0.0,0.0,0.0,0.0,8.0
PH04400,PH02906,1,0.0,0.0,0.0,0.0,12.0
PH02786,PH03081,1,0.0,0.0,0.0,0.0,20.0
PH01763,PH01315,1,0.0,0.0,0.0,0.0,12.0
PH03962,PH03055,1,0.0,0.0,0.0,0.0,20.0
PH03448,PH01718,1,0.0,0.0,0.0,0.0,0.0
PH03962,PH04320,1,0.0,0.0,0.0,0.0,20.0
PH03962,PH01718,1,0.0,0.0,0.0,0.0,15.0
PH03408,PH03448,1,0.0,0.0,0.0,0.0,0.0
PH01996,PH03168,1,0.0,0.0,0.0,0.0,0.0
PH01763,PH03838,1,0.0,0.0,0.0,0.0,12.0
PH03448,PH03756,1,0.0,0.0,0.0,0.0,0.0
PH00530,PH03756,1,0.0,0.0,0.0,0.0,8.0
PH04304,PH02696,1,0.0,0.0,0.0,0.0,4.0
PH03962,PH02832,1,0.0,0.0,0.0,0.0,15.0
PH01315,PH03055,1,0.0,0.0,0.0,0.0,16.0
PH04320,PH01718,1,0.0,0.0,0.0,0.0,12.0
PH02064,PH02904,1,0.0,0.0,0.0,0.0,3.0
PH04320,PH03055,1,0.0,0.0,0.0,0.0,16.0
PH02064,PH03408,1,0.0,0.0,0.0,0.0,2.0
PH03448,PH03962,1,0.0,0.0,0.0,0.0,0.0
PH03756,PH03838,1,0.0,0.0,0.0,0.0,16.0
PH01828,PH01655,1,0.0,0.0,0.0,0.0,12.0
PH03055,PH00976,1,0.0,0.0,0.0,0.0,4.0
PH02059,PH01737,1,0.0,0.0,0.0,0.0,1.0
PH03448,PH03838,1,0.0,0.0,0.0,0.0,0.0
PH00530,PH00976,1,0.0,0.0,0.0,0.0,2.0
PH04320,PH03756,1,0.0,0.0,0.0,0.0,16.0
PH00019,PH01731,1,0.0,0.0,0.0,0.0,8.0
PH03962,PH03838,1,0.0,0.0,0.0,0.0,20.0
PH03448,PH04304,1,0.0,0.0,0.0,0.0,0.0
PH01828,PH03756,1,0.0,0.0,0.0,0.0,16.0
PH01655,PH03055,1,0.0,0.0,0.0,0.0,12.0
PH03408,PH02832,1,0.0,0.0,0.0,0.0,6.0
PH03408,PH00530,1,0.0,0.0,0.0,0.0,4.0
PH01763,PH02904,1,0.0,0.0,0.0,0.0,9.0
PH04304,PH03055,1,0.0,0.0,0.0,0.0,8.0
PH02064,PH04304,1,0.0,0.0,0.0,0.0,2.0
PH01315,PH03838,1,0.0,0.0,0.0,0.0,16.0
PH03756,PH02832,1,0.0,0.0,0.0,0.0,12.0
PH02064,PH01655,1,0.0,0.0,0.0,0.0,3.0
PH01763,PH03962,1,0.0,0.0,0.0,0.0,15.0
PH03514,PH01462,1,0.0,0.0,0.0,0.0,4.0
PH01763,PH01718,1,0.0,0.0,0.0,0.0,9.0
PH03448,PH01655,1,0.0,0.0,0.0,0.0,0.0
PH01431,PH00547,1,0.0,0.0,0.0,0.0,2.0
PH01718,PH03838,1,0.0,0.0,0.0,0.0,12.0
PH04304,PH00976,1,0.0,0.0,0.0,0.0,2.0
PH04304,PH03962,1,0.0,0.0,0.0,0.0,10.0
PH03224,PH03756,1,0.0,0.0,0.0,0.0,16.0
PH03448,PH03224,1,0.0,0.0,0.0,0.0,0.0
PH02064,PH00530,1,0.0,0.0,0.0,0.0,2.0
PH01718,PH02696,1,0.0,0.0,0.0,0.0,6.0
PH03055,PH02696,1,0.0,0.0,0.0,0.0,8.0
PH03224,PH03962,1,0.0,0.0,0.0,0.0,20.0
PH03448,PH02696,1,0.0,0.0,0.0,0.0,0.0
PH02064,PH02832,1,0.0,0.0,0.0,0.0,3.0
PH04304,PH01655,1,0.0,0.0,0.0,0.0,6.0
PH01763,PH02832,1,0.0,0.0,0.0,0.0,9.0
PH03448,PH04320,1,0.0,0.0,0.0,0.0,0.0
PH01763,PH04320,1,0.0,0.0,0.0,0.0,12.0
PH02064,PH03055,1,0.0,0.0,0.0,0.0,4.0
PH02064,PH03224,1,0.0,0.0,0.0,0.0,4.0
PH00530,PH01315,1,0.0,0.0,0.0,0.0,8.0
PH01763,PH04304,1,0.0,0.0,0.0,0.0,6.0
PH03260,PH00856,1,0.0,0.0,0.0,0.0,5.0
PH01768,PH01147,1,0.0,0.0,0.0,0.0,9.0
PH03386,PH02123,1,0.0,0.0,0.0,0.0,0.0
PH03435,PH03220,1,0.0,0.0,0.0,0.0,2.0
PH00285,PH01965,1,0.0,0.0,0.0,0.0,5.0
PH01893,PH04076,1,0.0,0.0,0.0,0.0,9.0
PH01669,PH00064,1,0.0,0.0,0.0,0.0,12.0
PH04346,PH00562,1,0.0,0.0,0.0,0.0,3.0
PH04287,PH02494,1,0.0,0.0,0.0,0.0,4.0
PH04130,PH01049,1,0.0,0.0,0.0,0.0,3.0
PH04112,PH04423,1,0.0,0.0,0.0,0.0,4.0
PH00064,PH04112,1,0.0,0.0,0.0,0.0,16.0
PH04289,PH02829,1,0.0,0.0,0.0,0.0,12.0
PH03485,PH01375,1,0.0,0.0,0.0,0.0,5.0
PH02829,PH04423,1,0.0,0.0,0.0,0.0,3.0
PH03485,PH01126,1,0.0,0.0,0.0,0.0,25.0
PH02829,PH01254,1,0.0,0.0,0.0,0.0,12.0
PH04289,PH04423,1,0.0,0.0,0.0,0.0,4.0
PH03485,PH02829,1,0.0,0.0,0.0,0.0,15.0
PH02846,PH04423,1,0.0,0.0,0.0,0.0,4.0
PH04256,PH04423,1,0.0,0.0,0.0,0.0,1.0
PH02494,PH02829,1,0.0,0.0,0.0,0.0,3.0
PH02846,PH02328,1,0.0,0.0,0.0,0.0,32.0
PH01873,PH04289,1,0.0,0.0,0.0,0.0,8.0
PH02846,PH02808,1,0.0,0.0,0.0,0.0,8.0
PH01126,PH04112,1,0.0,0.0,0.0,0.0,20.0
PH02846,PH02829,1,0.0,0.0,0.0,0.0,12.0
PH04130,PH04256,1,0.0,0.0,0.0,0.0,1.0
PH00198,PH02177,1,0.0,0.0,0.0,0.0,1.0
PH01126,PH04423,1,0.0,0.0,0.0,0.0,5.0
PH02494,PH01126,1,0.0,0.0,0.0,0.0,5.0
PH01873,PH02494,1,0.0,0.0,0.0,0.0,2.0
PH04256,PH00064,1,0.0,0.0,0.0,0.0,4.0
PH04287,PH02808,1,0.0,0.0,0.0,0.0,8.0
PH02808,PH02829,1,0.0,0.0,0.0,0.0,6.0
PH01049,PH02829,1,0.0,0.0,0.0,0.0,9.0
PH02328,PH04289,1,0.0,0.0,0.0,0.0,32.0
PH02494,PH01254,1,0.0,0.0,0.0,0.0,4.0
PH01649,PH03594,1,0.0,0.0,0.0,0.0,20.0
PH04130,PH01375,1,0.0,0.0,0.0,0.0,1.0
PH01049,PH04423,1,0.0,0.0,0.0,0.0,3.0
PH03485,PH00562,1,0.0,0.0,0.0,0.0,5.0
PH04287,PH01375,1,0.0,0.0,0.0,0.0,4.0
PH04289,PH00562,1,0.0,0.0,0.0,0.0,4.0
PH04256,PH01375,1,0.0,0.0,0.0,0.0,1.0
PH04287,PH04423,1,0.0,0.0,0.0,0.0,4.0
PH02494,PH04256,1,0.0,0.0,0.0,0.0,1.0
PH02328,PH02829,1,0.0,0.0,0.0,0.0,24.0
PH02494,PH00064,1,0.0,0.0,0.0,0.0,4.0
PH02328,PH02494,1,0.0,0.0,0.0,0.0,8.0
PH02808,PH02494,1,0.0,0.0,0.0,0.0,2.0
PH00064,PH00562,1,0.0,0.0,0.0,0.0,4.0
PH02494,PH01049,1,0.0,0.0,0.0,0.0,3.0
PH04287,PH00064,1,0.0,0.0,0.0,0.0,16.0
PH04289,PH00064,1,0.0,0.0,0.0,0.0,16.0
PH01375,PH02829,1,0.0,0.0,0.0,0.0,3.0
PH04289,PH02494,1,0.0,0.0,0.0,0.0,4.0
PH04287,PH02846,1,0.0,0.0,0.0,0.0,16.0
PH00064,PH01375,1,0.0,0.0,0.0,0.0,4.0
PH02494,PH04346,1,0.0,0.0,0.0,0.0,3.0
PH02846,PH00064,1,0.0,0.0,0.0,0.0,16.0
PH02328,PH00064,1,0.0,0.0,0.0,0.0,32.0
PH01375,PH04112,1,0.0,0.0,0.0,0.0,4.0
PH04287,PH04289,1,0.0,0.0,0.0,0.0,16.0
PH03485,PH02808,1,0.0,0.0,0.0,0.0,10.0
PH02328,PH04112,1,0.0,0.0,0.0,0.0,32.0
PH00022,PH02261,1,0.0,0.0,0.0,0.0,3.0
PH01495,PH02310,1,0.0,0.0,0.0,0.0,0.0
PH00486,PH01760,1,0.0,0.0,0.0,0.0,6.0
PH01445,PH04188,1,0.0,0.0,0.0,0.0,20.0
PH02542,PH01301,1,0.0,0.0,0.0,0.0,4.0
PH01418,PH02798,1,0.0,0.0,0.0,0.0,0.0
PH04026,PH04009,1,0.0,0.0,0.0,0.0,6.0
PH03311,PH02168,1,0.0,0.0,0.0,0.0,4.0
PH00301,PH01993,1,0.0,0.0,0.0,0.0,8.0
PH00530,PH01512,1,0.0,0.0,0.0,0.0,6.0
PH03409,PH01929,1,0.0,0.0,0.0,0.0,21.0
PH04212,PH02367,1,0.0,0.0,0.0,0.0,28.0
PH02039,PH02468,1,0.0,0.0,0.0,0.0,30.0
PH03984,PH01712,1,0.0,0.0,0.0,0.0,4.0
PH04007,PH02969,1,0.0,0.0,0.0,0.0,3.0
PH03371,PH03290,1,0.0,0.0,0.0,0.0,6.0
PH04248,PH04390,1,0.0,0.0,0.0,0.0,12.0
PH00123,PH03244,1,0.0,0.0,0.0,0.0,2.0
PH03633,PH00972,1,0.0,0.0,0.0,0.0,4.0
PH04018,PH00134,1,0.0,0.0,0.0,0.0,12.0
PH04343,PH00055,1,0.0,0.0,0.0,0.0,1.0
PH01511,PH01137,1,0.0,0.0,0.0,0.0,4.0
PH04242,PH03543,1,0.0,0.0,0.0,0.0,6.0
PH00869,PH01960,1,0.0,0.0,0.0,0.0,15.0
PH04394,PH00884,1,0.0,0.0,0.0,0.0,20.0
PH03968,PH00183,1,0.0,0.0,0.0,0.0,6.0
PH03716,PH01479,1,0.0,0.0,0.0,0.0,14.0
PH02211,PH03000,1,0.0,0.0,0.0,0.0,12.0
PH02937,PH01362,1,0.0,0.0,0.0,0.0,15.0
PH02735,PH03317,1,0.0,0.0,0.0,0.0,0.0
PH04472,PH01154,1,0.0,0.0,0.0,0.0,16.0
PH03509,PH03835,1,0.0,0.0,0.0,0.0,3.0
PH01999,PH03935,1,0.0,0.0,0.0,0.0,6.0
PH03044,PH04306,1,0.0,0.0,0.0,0.0,4.0
PH02422,PH01023,1,0.0,0.0,0.0,0.0,12.0
PH00880,PH02668,1,0.0,0.0,0.0,0.0,8.0
PH01768,PH04296,1,0.0,0.0,0.0,0.0,12.0
PH04420,PH03227,1,0.0,0.0,0.0,0.0,5.0
PH04190,PH04356,1,0.0,0.0,0.0,0.0,4.0
PH02461,PH03330,1,0.0,0.0,0.0,0.0,4.0
PH01268,PH00333,1,0.0,0.0,0.0,0.0,0.0
PH03074,PH02113,1,0.0,0.0,0.0,0.0,3.0
PH00666,PH02107,1,0.0,0.0,0.0,0.0,10.0
PH04028,PH01202,1,0.0,0.0,0.0,0.0,32.0
PH03345,PH01716,1,0.0,0.0,0.0,0.0,0.0
PH02196,PH03277,1,0.0,0.0,0.0,0.0,3.0
PH02333,PH01491,1,0.0,0.0,0.0,0.0,2.0
PH03082,PH02704,1,0.0,0.0,0.0,0.0,4.0
PH02653,PH03075,1,0.0,0.0,0.0,0.0,16.0
PH02251,PH02701,1,0.0,0.0,0.0,0.0,3.0
PH00678,PH03099,1,0.0,0.0,0.0,0.0,9.0
PH00311,PH01919,1,0.0,0.0,0.0,0.0,12.0
PH01420,PH03155,1,0.0,0.0,0.0,0.0,15.0
PH04096,PH00326,1,0.0,0.0,0.0,0.0,20.0
PH03798,PH02492,1,0.0,0.0,0.0,0.0,8.0
PH03032,PH00047,1,0.0,0.0,0.0,0.0,12.0
PH00915,PH04222,1,0.0,0.0,0.0,0.0,3.0
PH01272,PH00928,1,0.0,0.0,0.0,0.0,6.0
PH01925,PH00642,1,0.0,0.0,0.0,0.0,12.0
PH00619,PH02815,1,0.0,0.0,0.0,0.0,3.0
PH02586,PH04391,1,0.0,0.0,0.0,0.0,3.0
PH02206,PH02886,1,0.0,0.0,0.0,0.0,2.0
PH01505,PH02268,1,0.0,0.0,0.0,0.0,6.0
PH02244,PH01947,1,0.0,0.0,0.0,0.0,5.0
PH00066,PH03260,1,0.0,0.0,0.0,0.0,15.0
PH04337,PH00558,1,0.0,0.0,0.0,0.0,1.0
PH03659,PH02085,1,0.0,0.0,0.0,0.0,0.0
PH00196,PH01625,1,0.0,0.0,0.0,0.0,8.0
PH04267,PH02159,1,0.0,0.0,0.0,0.0,40.0
PH00839,PH02964,1,0.0,0.0,0.0,0.0,4.0
PH02633,PH02980,1,0.0,0.0,0.0,0.0,18.0
PH03823,PH00130,1,0.0,0.0,0.0,0.0,18.0
PH00552,PH02508,1,0.0,0.0,0.0,0.0,21.0
PH03429,PH03268,1,0.0,0.0,0.0,0.0,6.0
PH02529,PH02405,1,0.0,0.0,0.0,0.0,9.0
PH04341,PH02707,1,0.0,0.0,0.0,0.0,12.0
PH03126,PH04229,1,0.0,0.0,0.0,0.0,1.0
PH04296,PH04450,1,0.0,0.0,0.0,0.0,20.0
PH00663,PH00018,1,0.0,0.0,0.0,0.0,8.0
PH02563,PH02083,1,0.0,0.0,0.0,0.0,6.0
PH03159,PH00585,1,0.0,0.0,0.0,0.0,6.0
PH00717,PH01843,1,0.0,0.0,0.0,0.0,6.0
PH02412,PH02316,1,0.0,0.0,0.0,0.0,0.0
PH01127,PH01241,1,0.0,0.0,0.0,0.0,4.0
PH00934,PH03599,1,0.0,0.0,0.0,0.0,15.0
PH00763,PH03615,1,0.0,0.0,0.0,0.0,8.0
PH03668,PH01294,1,0.0,0.0,0.0,0.0,12.0
PH00929,PH03290,1,0.0,0.0,0.0,0.0,8.0
PH04199,PH02472,1,0.0,0.0,0.0,0.0,10.0
PH01970,PH00610,1,0.0,0.0,0.0,0.0,42.0
PH04216,PH01125,1,0.0,0.0,0.0,0.0,3.0
PH02783,PH02083,1,0.0,0.0,0.0,0.0,6.0
PH04145,PH02499,1,0.0,0.0,0.0,0.0,6.0
PH02857,PH02308,1,0.0,0.0,0.0,0.0,2.0
PH02696,PH01404,1,0.0,0.0,0.0,0.0,2.0
PH02064,PH04287,1,0.0,0.0,0.0,0.0,4.0
PH00781,PH04491,1,0.0,0.0,0.0,0.0,2.0
PH01526,PH04200,1,0.0,0.0,0.0,0.0,0.0
PH01067,PH03502,1,0.0,0.0,0.0,0.0,0.0
PH03312,PH04094,1,0.0,0.0,0.0,0.0,2.0
PH02457,PH02824,1,0.0,0.0,0.0,0.0,10.0
PH00909,PH00353,1,0.0,0.0,0.0,0.0,2.0
PH02523,PH00413,1,0.0,0.0,0.0,0.0,20.0
PH01333,PH03797,1,0.0,0.0,0.0,0.0,3.0
PH01236,PH03904,1,0.0,0.0,0.0,0.0,4.0
PH01551,PH02192,1,0.0,0.0,0.0,0.0,2.0
PH00404,PH03603,1,0.0,0.0,0.0,0.0,3.0
PH02191,PH01066,1,0.0,0.0,0.0,0.0,0.0
PH03533,PH02548,1,0.0,0.0,0.0,0.0,6.0
PH03887,PH00051,1,0.0,0.0,0.0,0.0,10.0
PH03031,PH00889,1,0.0,0.0,0.0,0.0,10.0
PH00459,PH03277,1,0.0,0.0,0.0,0.0,12.0
PH00543,PH03101,1,0.0,0.0,0.0,0.0,1.0
PH03620,PH03905,1,0.0,0.0,0.0,0.0,0.0
PH04267,PH03540,1,0.0,0.0,0.0,0.0,16.0
PH03367,PH03338,1,0.0,0.0,0.0,0.0,8.0
PH03921,PH01387,1,0.0,0.0,0.0,0.0,20.0
PH03172,PH02078,1,0.0,0.0,0.0,0.0,4.0
PH01842,PH02429,1,0.0,0.0,0.0,0.0,0.0
PH00268,PH03679,1,0.0,0.0,0.0,0.0,20.0
PH03879,PH04096,1,0.0,0.0,0.0,0.0,12.0
PH00925,PH02434,1,0.0,0.0,0.0,0.0,10.0
PH02810,PH02242,1,0.0,0.0,0.0,0.0,12.0
PH00787,PH04288,1,0.0,0.0,0.0,0.0,10.0
PH00018,PH04019,1,0.0,0.0,0.0,0.0,8.0
PH03462,PH02377,1,0.0,0.0,0.0,0.0,0.0
PH03119,PH00868,1,0.0,0.0,0.0,0.0,2.0
PH02346,PH00708,1,0.0,0.0,0.0,0.0,6.0
PH00267,PH02784,1,0.0,0.0,0.0,0.0,4.0
PH00873,PH00048,1,0.0,0.0,0.0,0.0,12.0
PH01188,PH00580,1,0.0,0.0,0.0,0.0,32.0
PH00035,PH03167,1,0.0,0.0,0.0,0.0,0.0
PH04062,PH01642,1,0.0,0.0,0.0,0.0,6.0
PH02466,PH00841,1,0.0,0.0,0.0,0.0,6.0
PH04428,PH02138,1,0.0,0.0,0.0,0.0,3.0
PH02940,PH01443,1,0.0,0.0,0.0,0.0,2.0
PH03610,PH04396,1,0.0,0.0,0.0,0.0,9.0
PH03726,PH04424,1,0.0,0.0,0.0,0.0,4.0
PH03546,PH03992,1,0.0,0.0,0.0,0.0,4.0
PH02481,PH04470,1,0.0,0.0,0.0,0.0,5.0
PH00688,PH01158,1,0.0,0.0,0.0,0.0,12.0
PH01386,PH01238,1,0.0,0.0,0.0,0.0,0.0
PH03183,PH01320,1,0.0,0.0,0.0,0.0,0.0
PH04305,PH02455,1,0.0,0.0,0.0,0.0,16.0
PH02001,PH02538,1,0.0,0.0,0.0,0.0,20.0
PH02618,PH00361,1,0.0,0.0,0.0,0.0,2.0
PH02630,PH03084,1,0.0,0.0,0.0,0.0,16.0
PH03030,PH01350,1,0.0,0.0,0.0,0.0,9.0
PH00971,PH03555,1,0.0,0.0,0.0,0.0,16.0
PH02071,PH03761,1,0.0,0.0,0.0,0.0,6.0
PH04102,PH03824,1,0.0,0.0,0.0,0.0,16.0
PH00462,PH02824,1,0.0,0.0,0.0,0.0,2.0
PH00676,PH01506,1,0.0,0.0,0.0,0.0,8.0
PH01475,PH02018,1,0.0,0.0,0.0,0.0,16.0
PH04429,PH02139,1,0.0,0.0,0.0,0.0,4.0
PH03390,PH02026,1,0.0,0.0,0.0,0.0,6.0
PH02503,PH02333,1,0.0,0.0,0.0,0.0,6.0
PH04125,PH03763,1,0.0,0.0,0.0,0.0,6.0
PH01607,PH02584,1,0.0,0.0,0.0,0.0,24.0
PH04210,PH01710,1,0.0,0.0,0.0,0.0,12.0
PH02895,PH03451,1,0.0,0.0,0.0,0.0,8.0
PH02849,PH04305,1,0.0,0.0,0.0,0.0,4.0
PH03697,PH00473,1,0.0,0.0,0.0,0.0,3.0
PH00220,PH00844,1,0.0,0.0,0.0,0.0,8.0
PH01171,PH03372,1,0.0,0.0,0.0,0.0,10.0
PH00041,PH01616,1,0.0,0.0,0.0,0.0,12.0
PH01291,PH01287,1,0.0,0.0,0.0,0.0,16.0
PH00258,PH03635,1,0.0,0.0,0.0,0.0,6.0
PH02719,PH02631,1,0.0,0.0,0.0,0.0,0.0
PH02516,PH03027,1,0.0,0.0,0.0,0.0,0.0
PH01083,PH03000,1,0.0,0.0,0.0,0.0,24.0
PH01418,PH00245,1,0.0,0.0,0.0,0.0,9.0
PH03075,PH02907,1,0.0,0.0,0.0,0.0,20.0
PH03497,PH00053,1,0.0,0.0,0.0,0.0,16.0
PH04114,PH02400,1,0.0,0.0,0.0,0.0,8.0
PH02716,PH03476,1,0.0,0.0,0.0,0.0,21.0
PH01610,PH00496,1,0.0,0.0,0.0,0.0,6.0
PH01947,PH02041,1,0.0,0.0,0.0,0.0,2.0
PH02847,PH02512,1,0.0,0.0,0.0,0.0,10.0
PH00280,PH03998,1,0.0,0.0,0.0,0.0,15.0
PH00006,PH03564,1,0.0,0.0,0.0,0.0,3.0
PH02569,PH02799,1,0.0,0.0,0.0,0.0,16.0
PH01263,PH02500,1,0.0,0.0,0.0,0.0,16.0
PH01639,PH01153,1,0.0,0.0,0.0,0.0,14.0
PH01810,PH01126,1,0.0,0.0,0.0,0.0,10.0
PH00792,PH00022,1,0.0,0.0,0.0,0.0,3.0
PH01092,PH02103,1,0.0,0.0,0.0,0.0,25.0
PH00194,PH03375,1,0.0,0.0,0.0,0.0,0.0
PH04075,PH01546,1,0.0,0.0,0.0,0.0,0.0
PH04384,PH02643,1,0.0,0.0,0.0,0.0,24.0
PH03176,PH00582,1,0.0,0.0,0.0,0.0,10.0
PH02068,PH01220,1,0.0,0.0,0.0,0.0,6.0
PH00653,PH02392,1,0.0,0.0,0.0,0.0,0.0
PH03583,PH02261,1,0.0,0.0,0.0,0.0,6.0
PH04422,PH01057,1,0.0,0.0,0.0,0.0,9.0
PH00135,PH00449,1,0.0,0.0,0.0,0.0,3.0
PH00600,PH03727,1,0.0,0.0,0.0,0.0,3.0
PH02779,PH00395,1,0.0,0.0,0.0,0.0,0.0
PH04390,PH00622,1,0.0,0.0,0.0,0.0,0.0
PH00985,PH02086,1,0.0,0.0,0.0,0.0,2.0
PH04268,PH01304,1,0.0,0.0,0.0,0.0,0.0
PH00745,PH02171,1,0.0,0.0,0.0,0.0,10.0
PH02299,PH01586,1,0.0,0.0,0.0,0.0,12.0
PH00726,PH03922,1,0.0,0.0,0.0,0.0,36.0
PH04412,PH02158,1,0.0,0.0,0.0,0.0,3.0
PH02856,PH04119,1,0.0,0.0,0.0,0.0,16.0
PH00834,PH04133,1,0.0,0.0,0.0,0.0,9.0
PH04252,PH03464,1,0.0,0.0,0.0,0.0,2.0
PH00935,PH04148,1,0.0,0.0,0.0,0.0,6.0
PH01170,PH00436,1,0.0,0.0,0.0,0.0,15.0
PH02031,PH02744,1,0.0,0.0,0.0,0.0,4.0
PH01036,PH02773,1,0.0,0.0,0.0,0.0,27.0
PH04049,PH02814,1,0.0,0.0,0.0,0.0,12.0
PH03868,PH00600,1,0.0,0.0,0.0,0.0,9.0
PH00100,PH01049,1,0.0,0.0,0.0,0.0,15.0
PH02575,PH04347,1,0.0,0.0,0.0,0.0,20.0
PH03876,PH00712,1,0.0,0.0,0.0,0.0,12.0
PH01284,PH01255,1,0.0,0.0,0.0,0.0,3.0
PH00991,PH01141,1,0.0,0.0,0.0,0.0,4.0
PH01580,PH00554,1,0.0,0.0,0.0,0.0,1.0
PH00572,PH02637,1,0.0,0.0,0.0,0.0,8.0
PH00896,PH01135,1,0.0,0.0,0.0,0.0,6.0
PH00894,PH00716,1,0.0,0.0,0.0,0.0,9.0
PH03934,PH02034,1,0.0,0.0,0.0,0.0,12.0
PH01175,PH02281,1,0.0,0.0,0.0,0.0,6.0
PH01519,PH03449,1,0.0,0.0,0.0,0.0,16.0
PH03921,PH01972,1,0.0,0.0,0.0,0.0,20.0
PH00001,PH03095,1,0.0,0.0,0.0,0.0,9.0
PH00001,PH02884,1,0.0,0.0,0.0,0.0,12.0
PH00001,PH02448,1,0.0,0.0,0.0,0.0,9.0
PH00009,PH01935,1,0.0,0.0,0.0,0.0,6.0
PH00009,PH03123,1,0.0,0.0,0.0,0.0,18.0
PH00009,PH00642,1,0.0,0.0,0.0,0.0,6.0
PH00009,PH00263,1,0.0,0.0,0.0,0.0,6.0
PH01152,PH03653,0,1.0,0.16666666666666666,0.9102392266268373,0.3333333333333333,12.0
PH00980,PH02046,0,0.0,0.0,0.0,0.0,6.0
PH01493,PH01533,0,0.0,0.0,0.0,0.0,1.0
PH01564,PH00883,0,0.0,0.0,0.0,0.0,9.0
PH03688,PH02619,0,0.0,0.0,0.0,0.0,10.0
PH04421,PH02232,0,1.0,0.3333333333333333,1.4426950408889634,0.5,3.0
PH01232,PH01699,0,0.0,0.0,0.0,0.0,3.0
PH00195,PH01215,0,0.0,0.0,0.0,0.0,6.0
PH04137,PH04017,0,0.0,0.0,0.0,0.0,6.0
PH00081,PH00598,0,0.0,0.0,0.0,0.0,2.0
PH02257,PH04470,0,1.0,0.125,0.9102392266268373,0.3333333333333333,20.0
PH03858,PH00194,0,0.0,0.0,0.0,0.0,4.0
PH02763,PH00030,0,0.0,0.0,0.0,0.0,12.0
PH02230,PH02029,0,0.0,0.0,0.0,0.0,2.0
PH02356,PH03657,0,0.0,0.0,0.0,0.0,8.0
PH04030,PH01261,0,1.0,0.16666666666666666,0.5581106265512472,0.16666666666666666,10.0
PH01685,PH02702,0,0.0,0.0,0.0,0.0,8.0
PH03386,PH02767,0,0.0,0.0,0.0,0.0,12.0
PH03208,PH01095,0,0.0,0.0,0.0,0.0,25.0
PH00331,PH02820,0,0.0,0.0,0.0,0.0,12.0
PH02187,PH01330,0,1.0,0.25,0.5581106265512472,0.16666666666666666,4.0
PH02825,PH03904,0,0.0,0.0,0.0,0.0,4.0
PH01379,PH02250,0,0.0,0.0,0.0,0.0,3.0
PH03556,PH03026,0,0.0,0.0,0.0,0.0,8.0
PH03173,PH03383,0,0.0,0.0,0.0,0.0,30.0
PH00354,PH02281,0,1.0,0.14285714285714285,0.6213349345596119,0.2,15.0
PH00793,PH04010,0,0.0,0.0,0.0,0.0,9.0
PH02709,PH00396,0,0.0,0.0,0.0,0.0,1.0
PH03937,PH01801,0,0.0,0.0,0.0,0.0,8.0
PH00567,PH02017,0,0.0,0.0,0.0,0.0,16.0
PH03040,PH01724,0,1.0,0.2,0.5581106265512472,0.16666666666666666,8.0
PH01057,PH03436,0,0.0,0.0,0.0,0.0,18.0
PH03517,PH00055,0,0.0,0.0,0.0,0.0,2.0
PH03494,PH01281,0,0.0,0.0,0.0,0.0,10.0
PH04076,PH02051,0,0.0,0.0,0.0,0.0,12.0
PH03794,PH02011,0,1.0,0.14285714285714285,0.5581106265512472,0.16666666666666666,12.0
PH02853,PH00016,0,0.0,0.0,0.0,0.0,20.0
PH04057,PH01491,0,0.0,0.0,0.0,0.0,10.0
PH04206,PH04356,0,0.0,0.0,0.0,0.0,4.0
PH01482,PH02849,0,0.0,0.0,0.0,0.0,7.0
PH00393,PH01931,0,1.0,0.1111111111111111,0.5138983423697507,0.14285714285714285,24.0
PH04303,PH03020,0,0.0,0.0,0.0,0.0,3.0
PH01277,PH01713,0,0.0,0.0,0.0,0.0,4.0
PH02027,PH03134,0,0.0,0.0,0.0,0.0,9.0
PH00146,PH01005,0,0.0,0.0,0.0,0.0,4.0
PH02662,PH03447,0,1.0,0.125,0.5138983423697507,0.14285714285714285,18.0
PH02164,PH00547,0,0.0,0.0,0.0,0.0,6.0
PH00688,PH02572,0,0.0,0.0,0.0,0.0,4.0
PH02922,PH02924,0,0.0,0.0,0.0,0.0,21.0
PH03567,PH01233,0,0.0,0.0,0.0,0.0,6.0
PH03403,PH00332,0,1.0,0.25,0.9102392266268373,0.3333333333333333,6.0
PH01824,PH00557,0,0.0,0.0,0.0,0.0,4.0
PH03843,PH00581,0,0.0,0.0,0.0,0.0,12.0
PH03439,PH00569,0,0.0,0.0,0.0,0.0,4.0
PH01935,PH03879,0,0.0,0.0,0.0,0.0,6.0
PH02957,PH02817,0,1.0,0.2,0.7213475204444817,0.25,8.0
PH01765,PH03562,0,0.0,0.0,0.0,0.0,4.0
PH00351,PH04484,0,0.0,0.0,0.0,0.0,3.0
PH03878,PH03466,0,0.0,0.0,0.0,0.0,18.0
PH02717,PH01726,0,0.0,0.0,0.0,0.0,10.0
PH00760,PH04197,0,1.0,0.16666666666666666,0.6213349345596119,0.2,10.0
PH00380,PH00428,0,0.0,0.0,0.0,0.0,6.0
PH00288,PH02986,0,0.0,0.0,0.0,0.0,9.0
PH01759,PH00041,0,0.0,0.0,0.0,0.0,6.0
PH01689,PH04427,0,0.0,0.0,0.0,0.0,30.0
PH03750,PH03580,0,1.0,0.14285714285714285,0.6213349345596119,0.2,15.0
PH01640,PH01581,0,0.0,0.0,0.0,0.0,6.0
PH02086,PH04127,0,0.0,0.0,0.0,0.0,5.0
PH04224,PH01258,0,0.0,0.0,0.0,0.0,20.0
PH02508,PH02465,0,0.0,0.0,0.0,0.0,15.0
PH01789,PH00484,0,1.0,0.16666666666666666,0.7213475204444817,0.25,12.0
PH02140,PH00730,0,0.0,0.0,0.0,0.0,4.0
PH00393,PH02302,0,0.0,0.0,0.0,0.0,42.0
PH00704,PH02408,0,0.0,0.0,0.0,0.0,6.0
PH02737,PH04091,0,0.0,0.0,0.0,0.0,6.0
PH04489,PH03507,0,1.0,0.2,0.5138983423697507,0.14285714285714285,8.0
PH03540,PH03718,0,0.0,0.0,0.0,0.0,2.0
PH00062,PH00783,0,0.0,0.0,0.0,0.0,3.0
PH02613,PH03907,0,0.0,0.0,0.0,0.0,15.0
PH00330,PH01081,0,0.0,0.0,0.0,0.0,4.0
PH00010,PH01558,0,1.0,0.16666666666666666,0.6213349345596119,0.2,10.0
PH00471,PH00231,0,0.0,0.0,0.0,0.0,20.0
PH00219,PH03313,0,0.0,0.0,0.0,0.0,6.0
PH00455,PH00025,0,0.0,0.0,0.0,0.0,16.0
PH03096,PH00458,0,0.0,0.0,0.0,0.0,6.0
PH02549,PH01402,0,1.0,0.125,0.6213349345596119,0.2,14.0
PH03186,PH02732,0,0.0,0.0,0.0,0.0,1.0
PH02225,PH00130,0,0.0,0.0,0.0,0.0,12.0
PH02977,PH01823,0,0.0,0.0,0.0,0.0,16.0
PH00389,PH01636,0,0.0,0.0,0.0,0.0,24.0
PH03660,PH01119,0,1.0,0.25,0.9102392266268373,0.3333333333333333,6.0
PH03239,PH04014,0,0.0,0.0,0.0,0.0,6.0
PH01114,PH04446,0,0.0,0.0,0.0,0.0,18.0
PH00480,PH00407,0,0.0,0.0,0.0,0.0,21.0
PH00520,PH04036,0,0.0,0.0,0.0,0.0,6.0
PH02328,PH02753,0,1.0,0.07692307692307693,0.6213349345596119,0.2,48.0
PH03590,PH02070,0,0.0,0.0,0.0,0.0,4.0
PH02777,PH02791,0,0.0,0.0,0.0,0.0,6.0
PH00280,PH03986,0,0.0,0.0,0.0,0.0,3.0
PH03758,PH03391,0,0.0,0.0,0.0,0.0,4.0
PH01149,PH01207,0,1.0,0.3333333333333333,0.5581106265512472,0.16666666666666666,4.0
PH01296,PH02864,0,0.0,0.0,0.0,0.0,2.0
PH02833,PH01396,0,0.0,0.0,0.0,0.0,4.0
PH02401,PH04041,0,0.0,0.0,0.0,0.0,6.0
PH01610,PH02061,0,0.0,0.0,0.0,0.0,2.0
PH00966,PH02159,0,1.0,0.1111111111111111,0.5581106265512472,0.16666666666666666,25.0
PH02155,PH03060,0,0.0,0.0,0.0,0.0,12.0
PH00070,PH00309,0,0.0,0.0,0.0,0.0,4.0
PH03968,PH01732,0,0.0,0.0,0.0,0.0,6.0
PH01449,PH01026,0,0.0,0.0,0.0,0.0,7.0
PH00360,PH01760,0,1.0,0.25,0.5138983423697507,0.14285714285714285,6.0
PH04288,PH02325,0,0.0,0.0,0.0,0.0,6.0
PH03005,PH00408,0,0.0,0.0,0.0,0.0,9.0
PH03290,PH02813,0,0.0,0.0,0.0,0.0,4.0
PH03796,PH00584,0,0.0,0.0,0.0,0.0,2.0
PH01823,PH01975,0,1.0,0.14285714285714285,0.6213349345596119,0.2,16.0
PH03754,PH02614,0,0.0,0.0,0.0,0.0,25.0
PH00222,PH00282,0,0.0,0.0,0.0,0.0,5.0
PH03206,PH00295,0,0.0,0.0,0.0,0.0,8.0
PH02898,PH04416,0,0.0,0.0,0.0,0.0,16.0
PH01835,PH00812,0,1.0,0.125,0.6213349345596119,0.2,20.0
PH03885,PH03085,0,0.0,0.0,0.0,0.0,5.0
PH00489,PH01266,0,0.0,0.0,0.0,0.0,20.0
PH03612,PH02930,0,0.0,0.0,0.0,0.0,6.0
PH02275,PH01929,0,0.0,0.0,0.0,0.0,15.0
PH03488,PH00052,0,1.0,0.16666666666666666,0.5138983423697507,0.14285714285714285,10.0
PH00614,PH04204,0,0.0,0.0,0.0,0.0,16.0
PH00306,PH03786,0,0.0,0.0,0.0,0.0,21.0
PH02203,PH03128,0,0.0,0.0,0.0,0.0,12.0
PH03252,PH01637,0,0.0,0.0,0.0,0.0,3.0
PH01432,PH03217,0,1.0,0.125,0.9102392266268373,0.3333333333333333,18.0
PH01285,PH03939,0,0.0,0.0,0.0,0.0,6.0
PH02709,PH02775,0,0.0,0.0,0.0,0.0,3.0
PH02481,PH03703,0,0.0,0.0,0.0,0.0,1.0
PH02271,PH00805,0,0.0,0.0,0.0,0.0,18.0
PH01281,PH03758,0,1.0,0.3333333333333333,0.7213475204444817,0.25,4.0
PH00857,PH01308,0,0.0,0.0,0.0,0.0,12.0
PH00723,PH01260,0,0.0,0.0,0.0,0.0,8.0
PH04107,PH02435,0,0.0,0.0,0.0,0.0,12.0
PH00883,PH01151,0,0.0,0.0,0.0,0.0,12.0
PH00237,PH04374,0,1.0,0.14285714285714285,0.7213475204444817,0.25,16.0
PH02917,PH00349,0,0.0,0.0,0.0,0.0,2.0
PH01082,PH03773,0,0.0,0.0,0.0,0.0,15.0
PH02275,PH02929,0,0.0,0.0,0.0,0.0,15.0
PH03027,PH01883,0,0.0,0.0,0.0,0.0,10.0
PH04082,PH03821,0,1.0,0.08333333333333333,0.48089834696298783,0.125,40.0
PH04472,PH02491,0,0.0,0.0,0.0,0.0,4.0
PH00462,PH02433,0,0.0,0.0,0.0,0.0,1.0
PH00083,PH01145,0,0.0,0.0,0.0,0.0,18.0
PH02859,PH03872,0,0.0,0.0,0.0,0.0,4.0
PH00116,PH01134,0,1.0,0.2,0.5138983423697507,0.14285714285714285,8.0
PH00472,PH03740,0,0.0,0.0,0.0,0.0,1.0
PH01936,PH04289,0,0.0,0.0,0.0,0.0,28.0
PH00163,PH02911,0,0.0,0.0,0.0,0.0,5.0
PH03361,PH03612,0,0.0,0.0,0.0,0.0,15.0
PH02209,PH01977,0,1.0,0.14285714285714285,0.6213349345596119,0.2,16.0
PH02346,PH04175,0,0.0,0.0,0.0,0.0,12.0
PH04024,PH00371,0,0.0,0.0,0.0,0.0,4.0
PH00250,PH02917,0,0.0,0.0,0.0,0.0,4.0
PH00262,PH01417,0,0.0,0.0,0.0,0.0,3.0
PH01350,PH00255,0,1.0,0.14285714285714285,0.5581106265512472,0.16666666666666666,15.0
PH03536,PH00805,0,0.0,0.0,0.0,0.0,12.0
PH03421,PH02089,0,0.0,0.0,0.0,0.0,24.0
PH00444,PH03014,0,0.0,0.0,0.0,0.0,5.0
PH00227,PH02777,0,0.0,0.0,0.0,0.0,6.0
PH03175,PH04168,0,1.0,0.09090909090909091,0.5138983423697507,0.14285714285714285,36.0
PH04036,PH01506,0,0.0,0.0,0.0,0.0,4.0
PH04402,PH01136,0,0.0,0.0,0.0,0.0,2.0
PH00921,PH03280,0,0.0,0.0,0.0,0.0,12.0
PH03402,PH00805,0,0.0,0.0,0.0,0.0,24.0
PH03216,PH01203,0,1.0,0.09090909090909091,0.7213475204444817,0.25,35.0
PH03596,PH01213,0,0.0,0.0,0.0,0.0,2.0
PH04032,PH03327,0,0.0,0.0,0.0,0.0,9.0
PH01093,PH04269,0,0.0,0.0,0.0,0.0,4.0
PH02232,PH00058,0,0.0,0.0,0.0,0.0,9.0
PH02518,PH01751,0,1.0,0.125,0.7213475204444817,0.25,20.0
PH02197,PH00286,0,0.0,0.0,0.0,0.0,2.0
PH02202,PH03592,0,0.0,0.0,0.0,0.0,12.0
PH01282,PH02310,0,0.0,0.0,0.0,0.0,25.0
PH04430,PH02371,0,0.0,0.0,0.0,0.0,3.0
PH03334,PH02058,0,1.0,0.125,0.5581106265512472,0.16666666666666666,20.0
PH00041,PH04313,0,0.0,0.0,0.0,0.0,4.0
PH02725,PH00758,0,0.0,0.0,0.0,0.0,9.0
PH02217,PH03066,0,0.0,0.0,0.0,0.0,3.0
PH00348,PH03613,0,0.0,0.0,0.0,0.0,9.0
PH01670,PH02681,0,1.0,0.14285714285714285,0.9102392266268373,0.3333333333333333,15.0
PH03691,PH03020,0,0.0,0.0,0.0,0.0,3.0
PH03619,PH04469,0,0.0,0.0,0.0,0.0,2.0
PH00241,PH03603,0,0.0,0.0,0.0,0.0,7.0
PH00819,PH03065,0,0.0,0.0,0.0,0.0,5.0
PH00580,PH00177,0,1.0,0.125,0.6213349345596119,0.2,8.0
PH01711,PH03059,0,0.0,0.0,0.0,0.0,4.0
PH03629,PH04143,0,0.0,0.0,0.0,0.0,12.0
PH04465,PH01466,0,0.0,0.0,0.0,0.0,1.0
PH03551,PH04150,0,0.0,0.0,0.0,0.0,4.0
PH02219,PH01671,0,1.0,0.16666666666666666,0.7213475204444817,0.25,12.0
PH01726,PH03960,0,0.0,0.0,0.0,0.0,15.0
PH02026,PH03411,0,0.0,0.0,0.0,0.0,18.0
PH01353,PH03241,0,0.0,0.0,0.0,0.0,16.0
PH02699,PH02642,0,0.0,0.0,0.0,0.0,12.0
PH02834,PH00461,0,1.0,0.09090909090909091,0.5138983423697507,0.14285714285714285,36.0
PH02010,PH00143,0,0.0,0.0,0.0,0.0,8.0
PH02072,PH03884,0,0.0,0.0,0.0,0.0,3.0
PH04380,PH02547,0,0.0,0.0,0.0,0.0,4.0
PH03831,PH01867,0,0.0,0.0,0.0,0.0,40.0
PH02842,PH04186,0,1.0,0.16666666666666666,0.5581106265512472,0.16666666666666666,10.0
PH03079,PH00273,0,0.0,0.0,0.0,0.0,16.0
PH01306,PH01386,0,0.0,0.0,0.0,0.0,18.0
PH01032,PH02508,0,0.0,0.0,0.0,0.0,9.0
PH03282,PH03447,0,0.0,0.0,0.0,0.0,30.0
PH01171,PH02076,0,1.0,0.14285714285714285,0.9102392266268373,0.3333333333333333,15.0
PH01902,PH01917,0,0.0,0.0,0.0,0.0,6.0
PH03486,PH02763,0,0.0,0.0,0.0,0.0,4.0
PH03781,PH03801,0,0.0,0.0,0.0,0.0,15.0
PH04102,PH00412,0,0.0,0.0,0.0,0.0,4.0
PH02310,PH04275,0,1.0,0.1,0.5138983423697507,0.14285714285714285,30.0
PH00707,PH00083,0,0.0,0.0,0.0,0.0,15.0
PH00276,PH02362,0,0.0,0.0,0.0,0.0,12.0
PH02247,PH03220,0,0.0,0.0,0.0,0.0,1.0
PH04170,PH04090,0,0.0,0.0,0.0,0.0,2.0
PH02597,PH02928,0,1.0,0.1111111111111111,0.6213349345596119,0.2,24.0
PH02528,PH04181,0,0.0,0.0,0.0,0.0,9.0
PH03029,PH04423,0,0.0,0.0,0.0,0.0,3.0
PH00854,PH01142,0,0.0,0.0,0.0,0.0,9.0
PH00861,PH03369,0,0.0,0.0,0.0,0.0,4.0
PH00467,PH01006,0,1.0,0.25,0.6213349345596119,0.2,6.0
PH00355,PH00446,0,0.0,0.0,0.0,0.0,3.0
PH00001,PH01431,0,0.0,0.0,0.0,0.0,3.0
PH02402,PH02831,0,0.0,0.0,0.0,0.0,5.0
PH03101,PH01490,0,0.0,0.0,0.0,0.0,2.0
PH03314,PH04174,0,1.0,0.1111111111111111,0.6213349345596119,0.2,24.0
PH03004,PH04004,0,0.0,0.0,0.0,0.0,20.0
PH03670,PH01252,0,0.0,0.0,0.0,0.0,12.0
PH04040,PH01475,0,0.0,0.0,0.0,0.0,20.0
PH01233,PH00017,0,0.0,0.0,0.0,0.0,6.0
PH00307,PH02031,0,1.0,0.1111111111111111,0.7213475204444817,0.25,24.0
PH03540,PH02008,0,0.0,0.0,0.0,0.0,10.0
PH02916,PH00038,0,0.0,0.0,0.0,0.0,2.0
PH03426,PH02443,0,0.0,0.0,0.0,0.0,5.0
PH04313,PH01687,0,0.0,0.0,0.0,0.0,12.0
PH03154,PH02364,0,1.0,0.125,0.7213475204444817,0.25,18.0
PH00824,PH01985,0,0.0,0.0,0.0,0.0,8.0
PH03649,PH02948,0,0.0,0.0,0.0,0.0,4.0
PH01901,PH03335,0,0.0,0.0,0.0,0.0,4.0
PH00860,PH00602,0,0.0,0.0,0.0,0.0,4.0
PH01460,PH00807,0,1.0,0.2,0.6213349345596119,0.2,9.0
PH00052,PH04140,0,0.0,0.0,0.0,0.0,5.0
PH00046,PH03339,0,0.0,0.0,0.0,0.0,8.0
PH00851,PH04341,0,0.0,0.0,0.0,0.0,24.0
PH01570,PH01826,0,0.0,0.0,0.0,0.0,6.0
PH02089,PH01723,0,1.0,0.09090909090909091,0.7213475204444817,0.25,32.0
PH02089,PH04213,0,0.0,0.0,0.0,0.0,24.0
PH00177,PH00291,0,0.0,0.0,0.0,0.0,3.0
PH00239,PH03742,0,0.0,0.0,0.0,0.0,6.0
PH02877,PH00483,0,0.0,0.0,0.0,0.0,18.0
PH04231,PH03076,0,1.0,0.2,0.7213475204444817,0.25,9.0
PH02458,PH04360,0,0.0,0.0,0.0,0.0,14.0
PH01809,PH04228,0,0.0,0.0,0.0,0.0,4.0
PH00916,PH03125,0,0.0,0.0,0.0,0.0,25.0
PH03857,PH03290,0,0.0,0.0,0.0,0.0,8.0
PH03395,PH04371,0,1.0,0.14285714285714285,0.9102392266268373,0.3333333333333333,16.0
PH02139,PH04025,0,0.0,0.0,0.0,0.0,16.0
PH01083,PH00858,0,0.0,0.0,0.0,0.0,6.0
PH00841,PH03507,0,0.0,0.0,0.0,0.0,2.0
PH03669,PH01962,0,0.0,0.0,0.0,0.0,30.0
PH03355,PH01213,0,1.0,1.0,0.5581106265512472,0.16666666666666666,1.0
PH02870,PH04100,0,0.0,0.0,0.0,0.0,4.0
PH02976,PH03739,0,0.0,0.0,0.0,0.0,12.0
PH03280,PH01936,0,0.0,0.0,0.0,0.0,28.0
PH02485,PH00840,0,0.0,0.0,0.0,0.0,12.0
PH02216,PH01409,0,1.0,0.2,0.9102392266268373,0.3333333333333333,9.0
PH04112,PH02094,0,0.0,0.0,0.0,0.0,12.0
PH03422,PH00073,0,0.0,0.0,0.0,0.0,12.0
PH00807,PH02717,0,0.0,0.0,0.0,0.0,6.0
PH02527,PH01167,0,0.0,0.0,0.0,0.0,4.0
PH03084,PH00391,0,1.0,0.14285714285714285,0.6213349345596119,0.2,16.0
PH02494,PH02556,0,0.0,0.0,0.0,0.0,5.0
PH03840,PH01766,0,0.0,0.0,0.0,0.0,4.0
PH00812,PH01668,0,0.0,0.0,0.0,0.0,10.0
PH01995,PH03442,0,0.0,0.0,0.0,0.0,1.0
PH00340,PH04079,0,1.0,0.2,0.5581106265512472,0.16666666666666666,5.0
PH00537,PH03207,0,0.0,0.0,0.0,0.0,4.0
PH03142,PH03907,0,0.0,0.0,0.0,0.0,5.0
PH03631,PH00100,0,0.0,0.0,0.0,0.0,20.0
PH03528,PH03743,0,0.0,0.0,0.0,0.0,2.0
PH02270,PH00671,0,1.0,0.1,0.7213475204444817,0.25,28.0
PH01177,PH04187,0,0.0,0.0,0.0,0.0,15.0
PH00351,PH02507,0,0.0,0.0,0.0,0.0,12.0
PH04378,PH00338,0,0.0,0.0,0.0,0.0,9.0
PH00839,PH01664,0,0.0,0.0,0.0,0.0,1.0
PH04035,PH03399,0,1.0,0.16666666666666666,0.6213349345596119,0.2,12.0
PH02925,PH00815,0,0.0,0.0,0.0,0.0,2.0
PH01664,PH01138,0,0.0,0.0,0.0,0.0,2.0
PH00951,PH02805,0,0.0,0.0,0.0,0.0,24.0
PH01027,PH00580,0,0.0,0.0,0.0,0.0,24.0
PH00563,PH02189,0,1.0,0.1111111111111111,0.7213475204444817,0.25,25.0
PH03005,PH04052,0,0.0,0.0,0.0,0.0,18.0
PH03389,PH03352,0,0.0,0.0,0.0,0.0,6.0
PH04068,PH01930,0,0.0,0.0,0.0,0.0,9.0
PH03877,PH01291,0,0.0,0.0,0.0,0.0,24.0
PH00129,PH00683,0,1.0,0.16666666666666666,0.6213349345596119,0.2,10.0
PH02560,PH02833,0,0.0,0.0,0.0,0.0,4.0
PH00829,PH02485,0,0.0,0.0,0.0,0.0,18.0
PH03962,PH03405,0,0.0,0.0,0.0,0.0,5.0
PH01700,PH02306,0,0.0,0.0,0.0,0.0,16.0
PH01427,PH00996,0,1.0,0.125,0.6213349345596119,0.2,20.0
PH02372,PH02277,0,0.0,0.0,0.0,0.0,12.0
PH00515,PH00079,0,0.0,0.0,0.0,0.0,4.0
PH01112,PH04104,0,0.0,0.0,0.0,0.0,9.0
PH03058,PH01094,0,0.0,0.0,0.0,0.0,3.0
PH04264,PH03425,0,1.0,0.125,0.9102392266268373,0.3333333333333333,18.0
PH01657,PH02422,0,0.0,0.0,0.0,0.0,8.0
PH01469,PH01231,0,0.0,0.0,0.0,0.0,6.0
PH00219,PH04089,0,0.0,0.0,0.0,0.0,6.0
PH01959,PH01991,0,0.0,0.0,0.0,0.0,9.0
PH04360,PH04286,0,1.0,0.125,0.7213475204444817,0.25,14.0
PH01458,PH02053,0,0.0,0.0,0.0,0.0,12.0
PH01305,PH01883,0,0.0,0.0,0.0,0.0,4.0
PH01109,PH03838,0,0.0,0.0,0.0,0.0,24.0
PH04461,PH00274,0,0.0,0.0,0.0,0.0,15.0
PH02314,PH03230,0,1.0,0.3333333333333333,0.6213349345596119,0.2,4.0
PH02319,PH02853,0,0.0,0.0,0.0,0.0,5.0
PH03177,PH00909,0,0.0,0.0,0.0,0.0,1.0
PH01870,PH01258,0,0.0,0.0,0.0,0.0,12.0
PH02888,PH02032,0,0.0,0.0,0.0,0.0,4.0
PH00832,PH04096,0,1.0,0.16666666666666666,0.6213349345596119,0.2,12.0
PH03736,PH01531,0,0.0,0.0,0.0,0.0,2.0
PH00030,PH02927,0,0.0,0.0,0.0,0.0,18.0
PH04124,PH03919,0,0.0,0.0,0.0,0.0,3.0
PH02474,PH01947,0,0.0,0.0,0.0,0.0,3.0
PH04072,PH03892,0,1.0,0.1111111111111111,0.48089834696298783,0.125,24.0
PH04473,PH02274,0,0.0,0.0,0.0,0.0,10.0
PH00712,PH00222,0,0.0,0.0,0.0,0.0,4.0
PH02492,PH01630,0,0.0,0.0,0.0,0.0,12.0
PH01962,PH03644,0,0.0,0.0,0.0,0.0,5.0
PH01394,PH02275,0,1.0,0.08333333333333333,0.5138983423697507,0.14285714285714285,40.0
PH03750,PH04225,0,0.0,0.0,0.0,0.0,5.0
PH03701,PH02708,0,0.0,0.0,0.0,0.0,4.0
PH04138,PH01194,0,0.0,0.0,0.0,0.0,7.0
PH04414,PH02095,0,0.0,0.0,0.0,0.0,9.0
PH03096,PH02351,0,1.0,0.14285714285714285,0.5138983423697507,0.14285714285714285,12.0
PH00704,PH01305,0,0.0,0.0,0.0,0.0,4.0
PH00472,PH01578,0,0.0,0.0,0.0,0.0,2.0
PH03811,PH04082,0,0.0,0.0,0.0,0.0,5.0
PH03135,PH01545,0,0.0,0.0,0.0,0.0,4.0
PH04075,PH02678,0,1.0,0.2,0.9102392266268373,0.3333333333333333,5.0
PH03670,PH04231,0,0.0,0.0,0.0,0.0,9.0
PH01351,PH00921,0,0.0,0.0,0.0,0.0,6.0
PH03219,PH02467,0,0.0,0.0,0.0,0.0,2.0
PH03087,PH03723,0,0.0,0.0,0.0,0.0,4.0
PH01885,PH02496,0,1.0,0.16666666666666666,0.7213475204444817,0.25,10.0
PH02662,PH02182,0,0.0,0.0,0.0,0.0,15.0
PH02752,PH04160,0,0.0,0.0,0.0,0.0,40.0
PH01466,PH02638,0,0.0,0.0,0.0,0.0,2.0
PH03122,PH01074,0,0.0,0.0,0.0,0.0,14.0
PH00356,PH00221,0,1.0,0.125,0.5581106265512472,0.16666666666666666,20.0
PH02552,PH00589,0,0.0,0.0,0.0,0.0,10.0
PH00990,PH04155,0,0.0,0.0,0.0,0.0,4.0
PH03242,PH00994,0,0.0,0.0,0.0,0.0,8.0
PH03480,PH03319,0,0.0,0.0,0.0,0.0,1.0
PH00930,PH01311,0,1.0,0.25,0.6213349345596119,0.2,6.0
PH01941,PH00838,0,0.0,0.0,0.0,0.0,6.0
PH01889,PH01450,0,0.0,0.0,0.0,0.0,18.0
PH01515,PH02399,0,0.0,0.0,0.0,0.0,24.0
PH01090,PH02888,0,0.0,0.0,0.0,0.0,6.0
PH02806,PH02215,0,1.0,0.2,0.7213475204444817,0.25,9.0
PH03530,PH01924,0,0.0,0.0,0.0,0.0,6.0
PH03696,PH00734,0,0.0,0.0,0.0,0.0,3.0
PH00660,PH00802,0,0.0,0.0,0.0,0.0,1.0
PH02140,PH02940,0,0.0,0.0,0.0,0.0,2.0
PH00736,PH03687,0,1.0,0.14285714285714285,1.4426950408889634,0.5,7.0
PH04210,PH00206,0,0.0,0.0,0.0,0.0,24.0
PH01645,PH04325,0,0.0,0.0,0.0,0.0,6.0
PH00217,PH04271,0,0.0,0.0,0.0,0.0,6.0
PH01505,PH02923,0,0.0,0.0,0.0,0.0,3.0
PH00871,PH01454,0,1.0,0.1,0.9102392266268373,0.3333333333333333,24.0
PH01433,PH04364,0,0.0,0.0,0.0,0.0,8.0
PH00602,PH03967,0,0.0,0.0,0.0,0.0,6.0
PH02380,PH02231,0,0.0,0.0,0.0,0.0,9.0
PH03438,PH04369,0,0.0,0.0,0.0,0.0,6.0
PH00366,PH00733,0,1.0,0.2,0.6213349345596119,0.2,9.0
PH01421,PH01436,0,0.0,0.0,0.0,0.0,12.0
PH00607,PH02494,0,0.0,0.0,0.0,0.0,4.0
PH00046,PH01815,0,0.0,0.0,0.0,0.0,4.0
PH02135,PH01047,0,0.0,0.0,0.0,0.0,4.0
PH01155,PH01750,0,1.0,0.2,0.5581106265512472,0.16666666666666666,5.0
PH02538,PH03513,0,0.0,0.0,0.0,0.0,8.0
PH03035,PH04448,0,0.0,0.0,0.0,0.0,3.0
PH01329,PH00265,0,0.0,0.0,0.0,0.0,9.0
PH00651,PH03146,0,0.0,0.0,0.0,0.0,4.0
PH03829,PH00654,0,1.0,0.16666666666666666,0.6213349345596119,0.2,12.0
PH02549,PH00905,0,0.0,0.0,0.0,0.0,7.0
PH01796,PH01384,0,0.0,0.0,0.0,0.0,8.0
PH01622,PH03974,0,0.0,0.0,0.0,0.0,20.0
PH03515,PH01136,0,0.0,0.0,0.0,0.0,3.0
PH00350,PH04034,0,1.0,0.14285714285714285,0.45511961331341866,0.1111111111111111,16.0
PH01432,PH00829,0,0.0,0.0,0.0,0.0,36.0
PH01279,PH04050,0,0.0,0.0,0.0,0.0,12.0
PH00637,PH01537,0,0.0,0.0,0.0,0.0,8.0
PH01875,PH04097,0,0.0,0.0,0.0,0.0,15.0
PH01885,PH01070,0,1.0,0.16666666666666666,0.7213475204444817,0.25,10.0
PH03507,PH01233,0,0.0,0.0,0.0,0.0,6.0
PH00682,PH04356,0,0.0,0.0,0.0,0.0,2.0
PH01064,PH02380,0,0.0,0.0,0.0,0.0,9.0
PH02669,PH03517,0,0.0,0.0,0.0,0.0,4.0
PH02211,PH04084,0,1.0,0.14285714285714285,0.9102392266268373,0.3333333333333333,15.0
PH03753,PH01196,0,0.0,0.0,0.0,0.0,20.0
PH03588,PH02707,0,0.0,0.0,0.0,0.0,10.0
PH00889,PH00722,0,0.0,0.0,0.0,0.0,2.0
PH01085,PH02223,0,0.0,0.0,0.0,0.0,1.0
PH02369,PH01989,0,1.0,0.125,0.5581106265512472,0.16666666666666666,18.0
PH03413,PH02401,0,0.0,0.0,0.0,0.0,3.0
PH01861,PH02951,0,0.0,0.0,0.0,0.0,10.0
PH01449,PH02360,0,0.0,0.0,0.0,0.0,4.0
PH00714,PH00179,0,0.0,0.0,0.0,0.0,16.0
PH02280,PH01391,0,1.0,0.14285714285714285,0.9102392266268373,0.3333333333333333,15.0
PH00371,PH02220,0,0.0,0.0,0.0,0.0,16.0
PH02326,PH04237,0,0.0,0.0,0.0,0.0,15.0
PH00018,PH00430,0,0.0,0.0,0.0,0.0,6.0
PH02872,PH01808,0,0.0,0.0,0.0,0.0,6.0
PH04236,PH01346,0,1.0,0.2,0.5581106265512472,0.16666666666666666,8.0
PH02831,PH03119,0,0.0,0.0,0.0,0.0,2.0
PH01432,PH00944,0,0.0,0.0,0.0,0.0,18.0
PH03669,PH00948,0,0.0,0.0,0.0,0.0,24.0
PH01027,PH00405,0,0.0,0.0,0.0,0.0,3.0
PH00276,PH03619,0,1.0,0.2,0.5581106265512472,0.16666666666666666,8.0
PH01700,PH02803,0,0.0,0.0,0.0,0.0,16.0
PH02779,PH03151,0,0.0,0.0,0.0,0.0,25.0
PH01503,PH02687,0,0.0,0.0,0.0,0.0,4.0
PH00979,PH01693,0,0.0,0.0,0.0,0.0,6.0
PH00280,PH00257,0,1.0,0.2,0.5581106265512472,0.16666666666666666,9.0
PH00570,PH03126,0,0.0,0.0,0.0,0.0,4.0
PH01272,PH01719,0,0.0,0.0,0.0,0.0,6.0
PH01195,PH02579,0,0.0,0.0,0.0,0.0,4.0
PH00306,PH00429,0,0.0,0.0,0.0,0.0,3.0
PH01293,PH00308,0,1.0,1.0,0.9102392266268373,0.3333333333333333,1.0
PH01710,PH04446,0,0.0,0.0,0.0,0.0,18.0
PH00929,PH00921,0,0.0,0.0,0.0,0.0,12.0
PH00327,PH01882,0,0.0,0.0,0.0,0.0,6.0
PH02511,PH01548,0,0.0,0.0,0.0,0.0,4.0
PH01806,PH00430,0,1.0,0.2,0.6213349345596119,0.2,9.0
PH01614,PH03133,0,0.0,0.0,0.0,0.0,1.0
PH02334,PH00259,0,0.0,0.0,0.0,0.0,6.0
PH04220,PH03707,0,0.0,0.0,0.0,0.0,12.0
PH04124,PH02028,0,0.0,0.0,0.0,0.0,1.0
PH02892,PH04135,0,1.0,0.3333333333333333,0.9102392266268373,0.3333333333333333,4.0
PH00748,PH01864,0,0.0,0.0,0.0,0.0,2.0
PH02053,PH03551,0,0.0,0.0,0.0,0.0,4.0
PH03334,PH01689,0,0.0,0.0,0.0,0.0,20.0
PH02785,PH00393,0,0.0,0.0,0.0,0.0,18.0
PH02265,PH00521,0,1.0,0.14285714285714285,1.4426950408889634,0.5,16.0
PH03240,PH01348,0,0.0,0.0,0.0,0.0,12.0
PH04166,PH03478,0,0.0,0.0,0.0,0.0,15.0
PH01347,PH03156,0,0.0,0.0,0.0,0.0,8.0
PH03653,PH03654,0,0.0,0.0,0.0,0.0,12.0
PH03483,PH02667,0,1.0,0.125,0.6213349345596119,0.2,18.0
PH04114,PH00499,0,0.0,0.0,0.0,0.0,14.0
PH03964,PH00640,0,0.0,0.0,0.0,0.0,6.0
PH01569,PH01928,0,0.0,0.0,0.0,0.0,4.0
PH01419,PH02376,0,0.0,0.0,0.0,0.0,24.0
PH02186,PH02327,0,1.0,0.3333333333333333,0.9102392266268373,0.3333333333333333,4.0
PH03236,PH02400,0,0.0,0.0,0.0,0.0,12.0
PH00168,PH03083,0,0.0,0.0,0.0,0.0,6.0
PH03521,PH01602,0,0.0,0.0,0.0,0.0,20.0
PH02156,PH02863,0,0.0,0.0,0.0,0.0,18.0
PH02452,PH01327,0,1.0,0.2,0.6213349345596119,0.2,8.0
PH04169,PH03796,0,0.0,0.0,0.0,0.0,8.0
PH02845,PH01386,0,0.0,0.0,0.0,0.0,6.0
PH03248,PH03070,0,0.0,0.0,0.0,0.0,18.0
PH03367,PH01649,0,0.0,0.0,0.0,0.0,8.0
PH00966,PH02500,0,1.0,0.125,0.5581106265512472,0.16666666666666666,20.0
PH02161,PH01195,0,0.0,0.0,0.0,0.0,5.0
PH00367,PH01770,0,0.0,0.0,0.0,0.0,12.0
PH03932,PH00860,0,0.0,0.0,0.0,0.0,4.0
PH03147,PH03941,0,0.0,0.0,0.0,0.0,4.0
PH00036,PH02398,0,1.0,0.16666666666666666,0.7213475204444817,0.25,12.0
PH00565,PH02404,0,0.0,0.0,0.0,0.0,2.0
PH02045,PH03428,0,0.0,0.0,0.0,0.0,6.0
PH00367,PH01258,0,0.0,0.0,0.0,0.0,8.0
PH00819,PH01404,0,0.0,0.0,0.0,0.0,5.0
PH03386,PH01063,0,1.0,0.09090909090909091,0.48089834696298783,0.125,36.0
PH01220,PH00122,0,0.0,0.0,0.0,0.0,6.0
PH03959,PH00177,0,0.0,0.0,0.0,0.0,3.0
PH03639,PH01502,0,0.0,0.0,0.0,0.0,16.0
PH00783,PH00491,0,0.0,0.0,0.0,0.0,5.0
PH01223,PH00071,0,1.0,0.2,0.48089834696298783,0.125,9.0
PH04227,PH04253,0,0.0,0.0,0.0,0.0,6.0
PH00760,PH03586,0,0.0,0.0,0.0,0.0,6.0
PH00042,PH01708,0,0.0,0.0,0.0,0.0,4.0
PH02068,PH00177,0,0.0,0.0,0.0,0.0,3.0
PH01319,PH01387,0,1.0,0.125,0.6213349345596119,0.2,20.0
PH03985,PH04360,0,0.0,0.0,0.0,0.0,35.0
PH02804,PH04344,0,0.0,0.0,0.0,0.0,5.0
PH02406,PH00502,0,0.0,0.0,0.0,0.0,6.0
PH04204,PH00752,0,0.0,0.0,0.0,0.0,12.0
PH00130,PH02794,0,1.0,0.14285714285714285,0.7213475204444817,0.25,15.0
PH04087,PH00752,0,0.0,0.0,0.0,0.0,6.0
PH02375,PH00004,0,0.0,0.0,0.0,0.0,3.0
PH02804,PH02394,0,0.0,0.0,0.0,0.0,2.0
PH00870,PH02993,0,0.0,0.0,0.0,0.0,25.0
PH03909,PH00037,0,1.0,0.125,0.6213349345596119,0.2,18.0
PH03090,PH03115,0,0.0,0.0,0.0,0.0,10.0
PH01692,PH01147,0,0.0,0.0,0.0,0.0,21.0
PH03944,PH00467,0,0.0,0.0,0.0,0.0,2.0
PH03592,PH04088,0,0.0,0.0,0.0,0.0,4.0
PH02690,PH01318,0,1.0,0.1,0.9102392266268373,0.3333333333333333,24.0
PH01551,PH00344,0,0.0,0.0,0.0,0.0,1.0
PH00722,PH00618,0,0.0,0.0,0.0,0.0,1.0
PH03553,PH00148,0,0.0,0.0,0.0,0.0,12.0
PH04177,PH00145,0,0.0,0.0,0.0,0.0,16.0
PH00729,PH04411,0,1.0,0.1111111111111111,0.6213349345596119,0.2,25.0
PH03441,PH00301,0,0.0,0.0,0.0,0.0,10.0
PH01391,PH01980,0,0.0,0.0,0.0,0.0,25.0
PH02180,PH03246,0,0.0,0.0,0.0,0.0,1.0
PH03043,PH02555,0,0.0,0.0,0.0,0.0,24.0
PH01158,PH03151,0,1.0,0.1,0.6213349345596119,0.2,30.0
PH01815,PH04497,0,0.0,0.0,0.0,0.0,2.0
PH01406,PH03939,0,0.0,0.0,0.0,0.0,3.0
PH01047,PH00949,0,0.0,0.0,0.0,0.0,4.0
PH00112,PH01724,0,0.0,0.0,0.0,0.0,4.0
PH01348,PH00623,0,1.0,0.25,0.6213349345596119,0.2,4.0
PH00869,PH03802,0,0.0,0.0,0.0,0.0,5.0
PH04146,PH00455,0,0.0,0.0,0.0,0.0,8.0
PH00581,PH04458,0,0.0,0.0,0.0,0.0,3.0
PH01251,PH01567,0,0.0,0.0,0.0,0.0,8.0
PH04414,PH00012,0,1.0,0.3333333333333333,0.9102392266268373,0.3333333333333333,3.0
PH01260,PH04017,0,0.0,0.0,0.0,0.0,12.0
PH02578,PH03197,0,0.0,0.0,0.0,0.0,8.0
PH00277,PH03247,0,0.0,0.0,0.0,0.0,9.0
PH02818,PH00561,0,0.0,0.0,0.0,0.0,6.0
PH03980,PH00490,0,1.0,0.14285714285714285,0.6213349345596119,0.2,12.0
PH01728,PH02215,0,0.0,0.0,0.0,0.0,9.0
PH04380,PH03324,0,0.0,0.0,0.0,0.0,3.0
PH01803,PH04182,0,0.0,0.0,0.0,0.0,2.0
PH02495,PH00370,0,0.0,0.0,0.0,0.0,16.0
PH01677,PH01951,0,1.0,0.14285714285714285,0.9102392266268373,0.3333333333333333,15.0
PH00568,PH01423,0,0.0,0.0,0.0,0.0,14.0
PH03020,PH01547,0,0.0,0.0,0.0,0.0,2.0
PH00488,PH00062,0,0.0,0.0,0.0,0.0,6.0
PH02248,PH00187,0,0.0,0.0,0.0,0.0,9.0
PH02252,PH02552,0,1.0,0.125,0.7213475204444817,0.25,20.0
PH02479,PH03483,0,0.0,0.0,0.0,0.0,24.0
PH00084,PH02941,0,0.0,0.0,0.0,0.0,15.0
PH00091,PH03517,0,0.0,0.0,0.0,0.0,10.0
PH03067,PH00794,0,0.0,0.0,0.0,0.0,5.0
PH02359,PH01033,0,1.0,0.2,0.7213475204444817,0.25,5.0
PH03570,PH00730,0,0.0,0.0,0.0,0.0,8.0
PH02086,PH03046,0,0.0,0.0,0.0,0.0,2.0
PH00114,PH00671,0,0.0,0.0,0.0,0.0,14.0
PH02714,PH02956,0,0.0,0.0,0.0,0.0,4.0
PH00156,PH03754,0,1.0,0.125,0.6213349345596119,0.2,20.0
PH00650,PH00477,0,0.0,0.0,0.0,0.0,24.0
PH01576,PH02004,0,0.0,0.0,0.0,0.0,12.0
PH03603,PH03584,0,0.0,0.0,0.0,0.0,3.0
PH02125,PH01799,0,0.0,0.0,0.0,0.0,3.0
PH01394,PH04049,0,1.0,0.07692307692307693,0.5581106265512472,0.16666666666666666,48.0
PH04212,PH03624,0,0.0,0.0,0.0,0.0,49.0
PH00237,PH02904,0,0.0,0.0,0.0,0.0,12.0
PH01166,PH03232,0,0.0,0.0,0.0,0.0,1.0
PH02104,PH04260,0,0.0,0.0,0.0,0.0,3.0
PH01986,PH02337,0,1.0,0.16666666666666666,0.48089834696298783,0.125,10.0
PH02945,PH01217,0,0.0,0.0,0.0,0.0,6.0
PH04171,PH01491,0,0.0,0.0,0.0,0.0,6.0
PH02814,PH02678,0,0.0,0.0,0.0,0.0,2.0
PH04134,PH00485,0,0.0,0.0,0.0,0.0,15.0
PH01917,PH01141,0,1.0,0.16666666666666666,1.4426950408889634,0.5,12.0
PH03202,PH04005,0,0.0,0.0,0.0,0.0,4.0
PH00846,PH03613,0,0.0,0.0,0.0,0.0,9.0
PH01852,PH01256,0,0.0,0.0,0.0,0.0,2.0
PH00352,PH02282,0,0.0,0.0,0.0,0.0,18.0
PH01483,PH04371,0,1.0,0.1111111111111111,0.6213349345596119,0.2,24.0
PH04144,PH02990,0,0.0,0.0,0.0,0.0,18.0
PH03710,PH00569,0,0.0,0.0,0.0,0.0,8.0
PH02569,PH04162,0,0.0,0.0,0.0,0.0,12.0
PH01228,PH03450,0,0.0,0.0,0.0,0.0,3.0
PH03878,PH00015,0,1.0,0.125,0.9102392266268373,0.3333333333333333,18.0
PH01467,PH03611,0,0.0,0.0,0.0,0.0,5.0
PH04012,PH00528,0,0.0,0.0,0.0,0.0,12.0
PH01293,PH04386,0,0.0,0.0,0.0,0.0,1.0
PH00932,PH00924,0,0.0,0.0,0.0,0.0,3.0
PH01787,PH04001,0,1.0,0.14285714285714285,0.9102392266268373,0.3333333333333333,15.0
PH01530,PH00009,0,0.0,0.0,0.0,0.0,9.0
PH00135,PH03369,0,0.0,0.0,0.0,0.0,6.0
PH00905,PH01659,0,0.0,0.0,0.0,0.0,4.0
PH01496,PH03631,0,0.0,0.0,0.0,0.0,8.0
PH01408,PH00273,0,1.0,0.125,0.7213475204444817,0.25,20.0
PH04395,PH01966,0,0.0,0.0,0.0,0.0,4.0
PH01502,PH00881,0,0.0,0.0,0.0,0.0,12.0
PH04403,PH04090,0,0.0,0.0,0.0,0.0,6.0
PH01824,PH00861,0,0.0,0.0,0.0,0.0,8.0
PH02521,PH00004,0,1.0,0.5,0.9102392266268373,0.3333333333333333,2.0
PH00984,PH04248,0,0.0,0.0,0.0,0.0,4.0
PH03068,PH03458,0,0.0,0.0,0.0,0.0,12.0
PH03418,PH00369,0,0.0,0.0,0.0,0.0,12.0
PH02371,PH00896,0,0.0,0.0,0.0,0.0,6.0
PH02489,PH02747,0,1.0,0.1111111111111111,0.7213475204444817,0.25,21.0
PH04402,PH02730,0,0.0,0.0,0.0,0.0,12.0
PH02519,PH00639,0,0.0,0.0,0.0,0.0,6.0
PH02102,PH01913,0,0.0,0.0,0.0,0.0,24.0
PH01435,PH02990,0,0.0,0.0,0.0,0.0,12.0
PH01354,PH01689,0,1.0,0.125,0.7213475204444817,0.25,20.0
PH04492,PH00054,0,0.0,0.0,0.0,0.0,14.0
PH00905,PH03161,0,0.0,0.0,0.0,0.0,3.0
PH02390,PH04304,0,0.0,0.0,0.0,0.0,12.0
PH03428,PH00609,0,0.0,0.0,0.0,0.0,15.0
PH00857,PH00800,0,1.0,0.125,0.6213349345596119,0.2,20.0
PH02381,PH00778,0,0.0,0.0,0.0,0.0,6.0
PH00650,PH00993,0,0.0,0.0,0.0,0.0,42.0
PH01602,PH04208,0,0.0,0.0,0.0,0.0,20.0
PH00815,PH00590,0,0.0,0.0,0.0,0.0,2.0
PH01243,PH02796,0,1.0,0.14285714285714285,0.9102392266268373,0.3333333333333333,15.0
PH00911,PH01129,0,0.0,0.0,0.0,0.0,16.0
PH02840,PH00307,0,0.0,0.0,0.0,0.0,12.0
PH03482,PH03018,0,0.0,0.0,0.0,0.0,6.0
PH04310,PH01087,0,0.0,0.0,0.0,0.0,4.0
PH00149,PH02119,0,1.0,0.125,0.9102392266268373,0.3333333333333333,14.0
PH02400,PH02845,0,0.0,0.0,0.0,0.0,8.0
PH04448,PH03141,0,0.0,0.0,0.0,0.0,3.0
PH02870,PH01699,0,0.0,0.0,0.0,0.0,2.0
PH01283,PH00586,0,0.0,0.0,0.0,0.0,4.0
PH00240,PH03294,0,1.0,0.25,0.5581106265512472,0.16666666666666666,6.0
PH00757,PH02543,0,0.0,0.0,0.0,0.0,8.0
PH01958,PH00536,0,0.0,0.0,0.0,0.0,20.0
PH02084,PH01088,0,0.0,0.0,0.0,0.0,9.0
PH00937,PH03401,0,0.0,0.0,0.0,0.0,6.0
PH03824,PH02558,0,1.0,0.16666666666666666,0.7213475204444817,0.25,12.0
PH02061,PH03925,0,0.0,0.0,0.0,0.0,3.0
PH03522,PH00621,0,0.0,0.0,0.0,0.0,18.0
PH04295,PH03405,0,0.0,0.0,0.0,0.0,3.0
PH03877,PH00970,0,0.0,0.0,0.0,0.0,3.0
PH03786,PH01212,0,1.0,0.125,0.9102392266268373,0.3333333333333333,14.0
PH03157,PH03476,0,0.0,0.0,0.0,0.0,9.0
PH03416,PH00015,0,0.0,0.0,0.0,0.0,6.0
PH01464,PH00867,0,0.0,0.0,0.0,0.0,3.0
PH03542,PH04017,0,0.0,0.0,0.0,0.0,6.0
PH01344,PH04350,0,1.0,0.2,0.7213475204444817,0.25,8.0
PH03300,PH04375,0,0.0,0.0,0.0,0.0,15.0
PH03253,PH03418,0,0.0,0.0,0.0,0.0,8.0
PH00014,PH03006,0,0.0,0.0,0.0,0.0,16.0
PH02063,PH02415,0,0.0,0.0,0.0,0.0,10.0
PH01338,PH02596,0,1.0,0.14285714285714285,0.7213475204444817,0.25,15.0
PH03707,PH02853,0,0.0,0.0,0.0,0.0,15.0
PH02421,PH01118,0,0.0,0.0,0.0,0.0,5.0
PH02072,PH03214,0,0.0,0.0,0.0,0.0,6.0
PH00449,PH01571,0,0.0,0.0,0.0,0.0,3.0
PH00892,PH01949,0,1.0,0.16666666666666666,0.7213475204444817,0.25,6.0
PH02620,PH03558,0,0.0,0.0,0.0,0.0,14.0
PH01176,PH01976,0,0.0,0.0,0.0,0.0,15.0
PH03030,PH01419,0,0.0,0.0,0.0,0.0,12.0
PH03474,PH04343,0,0.0,0.0,0.0,0.0,6.0
PH02126,PH03052,0,1.0,0.5,1.4426950408889634,0.5,2.0
PH02976,PH04463,0,0.0,0.0,0.0,0.0,2.0
PH00575,PH02620,0,0.0,0.0,0.0,0.0,8.0
PH04251,PH02312,0,0.0,0.0,0.0,0.0,15.0
PH02499,PH02914,0,0.0,0.0,0.0,0.0,15.0
PH01676,PH02120,0,1.0,0.125,0.45511961331341866,0.1111111111111111,20.0
PH02864,PH03133,0,0.0,0.0,0.0,0.0,2.0
PH04372,PH03225,0,0.0,0.0,0.0,0.0,12.0
PH02869,PH00025,0,0.0,0.0,0.0,0.0,20.0
PH02501,PH00880,0,0.0,0.0,0.0,0.0,12.0
PH01615,PH02693,0,1.0,0.2,0.9102392266268373,0.3333333333333333,9.0
PH00700,PH00215,0,0.0,0.0,0.0,0.0,16.0
PH02750,PH02989,0,0.0,0.0,0.0,0.0,16.0
PH01507,PH00653,0,0.0,0.0,0.0,0.0,4.0
PH00112,PH04287,0,0.0,0.0,0.0,0.0,4.0
PH01366,PH01627,0,1.0,0.1111111111111111,0.5581106265512472,0.16666666666666666,24.0
PH03420,PH02063,0,0.0,0.0,0.0,0.0,4.0
PH04292,PH02443,0,0.0,0.0,0.0,0.0,10.0
PH04398,PH00319,0,0.0,0.0,0.0,0.0,2.0
PH01000,PH01929,0,0.0,0.0,0.0,0.0,12.0
PH02282,PH03039,0,1.0,0.125,0.6213349345596119,0.2,18.0
PH03154,PH01713,0,0.0,0.0,0.0,0.0,6.0
PH02418,PH00959,0,0.0,0.0,0.0,0.0,14.0
PH01147,PH00032,0,0.0,0.0,0.0,0.0,15.0
PH04408,PH02096,0,0.0,0.0,0.0,0.0,16.0
PH00827,PH01817,0,1.0,0.09090909090909091,0.5581106265512472,0.16666666666666666,32.0
PH02662,PH03631,0,0.0,0.0,0.0,0.0,12.0
PH02696,PH00140,0,0.0,0.0,0.0,0.0,12.0
PH03164,PH00212,0,0.0,0.0,0.0,0.0,3.0
PH02402,PH02918,0,0.0,0.0,0.0,0.0,15.0
PH04442,PH00400,0,1.0,0.16666666666666666,0.48089834696298783,0.125,10.0
PH02618,PH02936,0,0.0,0.0,0.0,0.0,4.0
PH02485,PH02424,0,0.0,0.0,0.0,0.0,6.0
PH02942,PH03552,0,0.0,0.0,0.0,0.0,8.0
PH00565,PH02662,0,0.0,0.0,0.0,0.0,3.0
PH00936,PH00694,0,1.0,0.1,0.5581106265512472,0.16666666666666666,28.0
PH04497,PH03298,0,0.0,0.0,0.0,0.0,2.0
PH00961,PH00024,0,0.0,0.0,0.0,0.0,6.0
PH02171,PH00013,0,0.0,0.0,0.0,0.0,2.0
PH01767,PH01374,0,0.0,0.0,0.0,0.0,6.0
PH01002,PH03296,0,1.0,0.3333333333333333,0.7213475204444817,0.25,4.0
PH04387,PH01825,0,0.0,0.0,0.0,0.0,9.0
PH02969,PH04144,0,0.0,0.0,0.0,0.0,3.0
PH01168,PH00050,0,0.0,0.0,0.0,0.0,3.0
PH01155,PH03666,0,0.0,0.0,0.0,0.0,20.0
PH00326,PH00962,0,1.0,0.125,0.7213475204444817,0.25,20.0
PH01447,PH01416,0,0.0,0.0,0.0,0.0,4.0
PH02452,PH02649,0,0.0,0.0,0.0,0.0,8.0
PH03530,PH00348,0,0.0,0.0,0.0,0.0,6.0
PH02437,PH00605,0,0.0,0.0,0.0,0.0,18.0
PH02188,PH03971,0,1.0,0.2,0.7213475204444817,0.25,8.0
PH01201,PH01070,0,0.0,0.0,0.0,0.0,4.0
PH02163,PH03652,0,0.0,0.0,0.0,0.0,10.0
PH00262,PH00434,0,0.0,0.0,0.0,0.0,3.0
PH00055,PH02278,0,0.0,0.0,0.0,0.0,1.0
PH03849,PH00563,0,1.0,0.125,0.9102392266268373,0.3333333333333333,20.0
PH02328,PH00442,0,0.0,0.0,0.0,0.0,8.0
PH04132,PH03792,0,0.0,0.0,0.0,0.0,12.0
PH03926,PH01906,0,0.0,0.0,0.0,0.0,6.0
PH00599,PH04330,0,0.0,0.0,0.0,0.0,12.0
PH00399,PH03523,0,1.0,0.25,0.7213475204444817,0.25,6.0
PH04196,PH00851,0,0.0,0.0,0.0,0.0,12.0
PH03764,PH01640,0,0.0,0.0,0.0,0.0,6.0
PH01421,PH01312,0,0.0,0.0,0.0,0.0,4.0
PH00194,PH03879,0,0.0,0.0,0.0,0.0,12.0
PH01158,PH02724,0,1.0,0.16666666666666666,0.6213349345596119,0.2,6.0
PH00247,PH04288,0,0.0,0.0,0.0,0.0,4.0
PH00217,PH03439,0,0.0,0.0,0.0,0.0,6.0
PH02327,PH04002,0,0.0,0.0,0.0,0.0,8.0
PH01925,PH03808,0,0.0,0.0,0.0,0.0,42.0
PH01229,PH03416,0,1.0,0.3333333333333333,0.9102392266268373,0.3333333333333333,4.0
PH01294,PH02828,0,0.0,0.0,0.0,0.0,4.0
PH01493,PH02093,0,0.0,0.0,0.0,0.0,2.0
PH02304,PH02811,0,0.0,0.0,0.0,0.0,10.0
PH02349,PH01172,0,0.0,0.0,0.0,0.0,4.0
PH00398,PH01576,0,1.0,0.2,0.48089834696298783,0.125,9.0
PH03187,PH02776,0,0.0,0.0,0.0,0.0,12.0
PH00493,PH02559,0,0.0,0.0,0.0,0.0,4.0
PH03661,PH02168,0,0.0,0.0,0.0,0.0,2.0
PH04498,PH01623,0,0.0,0.0,0.0,0.0,2.0
PH00849,PH01574,0,1.0,0.1111111111111111,0.5581106265512472,0.16666666666666666,21.0
PH02376,PH02777,0,0.0,0.0,0.0,0.0,12.0
PH01064,PH01483,0,0.0,0.0,0.0,0.0,18.0
PH03257,PH04462,0,0.0,0.0,0.0,0.0,24.0
PH01130,PH00924,0,0.0,0.0,0.0,0.0,1.0
PH02372,PH04393,0,1.0,0.125,0.7213475204444817,0.25,18.0
PH02662,PH01357,0,0.0,0.0,0.0,0.0,9.0
PH00829,PH03323,0,0.0,0.0,0.0,0.0,12.0
PH04092,PH02796,0,0.0,0.0,0.0,0.0,5.0
PH00158,PH04485,0,0.0,0.0,0.0,0.0,10.0
PH00929,PH00400,0,1.0,0.125,0.7213475204444817,0.25,20.0
PH03444,PH04147,0,0.0,0.0,0.0,0.0,12.0
PH01175,PH01808,0,0.0,0.0,0.0,0.0,6.0
PH00745,PH00900,0,0.0,0.0,0.0,0.0,30.0
PH02526,PH03474,0,0.0,0.0,0.0,0.0,24.0
PH00621,PH00565,0,1.0,0.16666666666666666,0.6213349345596119,0.2,6.0
PH03714,PH02236,0,0.0,0.0,0.0,0.0,3.0
PH00028,PH01471,0,0.0,0.0,0.0,0.0,16.0
PH01410,PH00369,0,0.0,0.0,0.0,0.0,12.0
PH02930,PH00614,0,0.0,0.0,0.0,0.0,8.0
PH01232,PH00942,0,1.0,0.3333333333333333,0.5581106265512472,0.16666666666666666,3.0
PH03410,PH01829,0,0.0,0.0,0.0,0.0,2.0
PH02420,PH00241,0,0.0,0.0,0.0,0.0,35.0
PH03439,PH02834,0,0.0,0.0,0.0,0.0,12.0
PH00278,PH03193,0,0.0,0.0,0.0,0.0,30.0
PH03605,PH03497,0,1.0,0.16666666666666666,0.9102392266268373,0.3333333333333333,12.0
PH03474,PH01739,0,0.0,0.0,0.0,0.0,12.0
PH02458,PH00819,0,0.0,0.0,0.0,0.0,10.0
PH03743,PH01962,0,0.0,0.0,0.0,0.0,10.0
PH04132,PH01520,0,0.0,0.0,0.0,0.0,18.0
PH04168,PH00418,0,1.0,0.1111111111111111,0.6213349345596119,0.2,24.0
PH00528,PH02301,0,0.0,0.0,0.0,0.0,9.0
PH00024,PH00165,0,0.0,0.0,0.0,0.0,15.0
PH03740,PH04086,0,0.0,0.0,0.0,0.0,2.0
PH00438,PH03136,0,0.0,0.0,0.0,0.0,12.0
PH00460,PH03527,0,1.0,0.125,0.9102392266268373,0.3333333333333333,20.0
PH00521,PH04185,0,0.0,0.0,0.0,0.0,16.0
PH00401,PH00155,0,0.0,0.0,0.0,0.0,8.0
PH02463,PH02603,0,0.0,0.0,0.0,0.0,2.0
PH02420,PH03376,0,0.0,0.0,0.0,0.0,10.0
PH01505,PH01766,0,1.0,0.25,0.7213475204444817,0.25,6.0
PH01113,PH01473,0,0.0,0.0,0.0,0.0,5.0
PH00186,PH01799,0,0.0,0.0,0.0,0.0,6.0
PH01251,PH03187,0,0.0,0.0,0.0,0.0,12.0
PH01577,PH01868,0,0.0,0.0,0.0,0.0,9.0
PH03277,PH02654,0,1.0,0.2,0.7213475204444817,0.25,9.0
PH03412,PH00709,0,0.0,0.0,0.0,0.0,10.0
PH00191,PH03348,0,0.0,0.0,0.0,0.0,6.0
PH04244,PH01450,0,0.0,0.0,0.0,0.0,6.0
PH04248,PH03409,0,0.0,0.0,0.0,0.0,28.0
PH04387,PH02390,0,1.0,0.125,0.48089834696298783,0.125,18.0
PH03733,PH04484,0,0.0,0.0,0.0,0.0,2.0
PH03707,PH04169,0,0.0,0.0,0.0,0.0,24.0
PH02606,PH03440,0,0.0,0.0,0.0,0.0,5.0
PH01347,PH04500,0,0.0,0.0,0.0,0.0,8.0
PH00194,PH02509,0,1.0,0.25,0.7213475204444817,0.25,4.0
PH01492,PH00269,0,0.0,0.0,0.0,0.0,8.0
PH00871,PH01627,0,0.0,0.0,0.0,0.0,18.0
PH03922,PH02125,0,0.0,0.0,0.0,0.0,6.0
PH02487,PH00826,0,0.0,0.0,0.0,0.0,10.0
PH02601,PH04333,0,1.0,0.16666666666666666,0.6213349345596119,0.2,12.0
PH00026,PH02201,0,0.0,0.0,0.0,0.0,21.0
PH03755,PH03862,0,0.0,0.0,0.0,0.0,6.0
PH01761,PH01634,0,0.0,0.0,0.0,0.0,25.0
PH00645,PH03426,0,0.0,0.0,0.0,0.0,5.0
PH00217,PH01078,0,1.0,0.14285714285714285,0.7213475204444817,0.25,15.0
PH02347,PH00394,0,0.0,0.0,0.0,0.0,3.0
PH01955,PH03847,0,0.0,0.0,0.0,0.0,12.0
PH02454,PH00454,0,0.0,0.0,0.0,0.0,42.0
PH01305,PH00457,0,0.0,0.0,0.0,0.0,10.0
PH03447,PH03590,0,1.0,0.14285714285714285,0.6213349345596119,0.2,12.0
PH02985,PH00546,0,0.0,0.0,0.0,0.0,10.0
PH02377,PH04065,0,0.0,0.0,0.0,0.0,20.0
PH01127,PH01255,0,0.0,0.0,0.0,0.0,6.0
PH01632,PH02990,0,0.0,0.0,0.0,0.0,24.0
PH01191,PH03333,0,1.0,0.2,0.48089834696298783,0.125,5.0
PH01558,PH00947,0,0.0,0.0,0.0,0.0,25.0
PH01211,PH03627,0,0.0,0.0,0.0,0.0,4.0
PH02683,PH03272,0,0.0,0.0,0.0,0.0,1.0
PH01227,PH02431,0,0.0,0.0,0.0,0.0,9.0
PH02391,PH01886,0,1.0,0.2,0.5581106265512472,0.16666666666666666,5.0
PH00002,PH02428,0,0.0,0.0,0.0,0.0,6.0
PH04464,PH03167,0,0.0,0.0,0.0,0.0,2.0
PH02103,PH02838,0,0.0,0.0,0.0,0.0,5.0
PH02901,PH00854,0,0.0,0.0,0.0,0.0,24.0
PH02402,PH02834,0,1.0,0.1,0.7213475204444817,0.25,30.0
PH03899,PH03964,0,0.0,0.0,0.0,0.0,6.0
PH03602,PH00304,0,0.0,0.0,0.0,0.0,6.0
PH01914,PH02620,0,0.0,0.0,0.0,0.0,6.0
PH00452,PH01852,0,0.0,0.0,0.0,0.0,2.0
PH00114,PH00052,0,1.0,0.16666666666666666,0.5138983423697507,0.14285714285714285,10.0
PH01966,PH04163,0,0.0,0.0,0.0,0.0,3.0
PH03785,PH00506,0,0.0,0.0,0.0,0.0,3.0
PH00746,PH02615,0,0.0,0.0,0.0,0.0,6.0
PH03089,PH00320,0,0.0,0.0,0.0,0.0,3.0
PH00262,PH00273,0,1.0,0.16666666666666666,0.7213475204444817,0.25,12.0
PH00969,PH02747,0,0.0,0.0,0.0,0.0,42.0
PH02849,PH00418,0,0.0,0.0,0.0,0.0,4.0
PH02340,PH02952,0,0.0,0.0,0.0,0.0,24.0
PH01632,PH00173,0,0.0,0.0,0.0,0.0,16.0
PH01205,PH01614,0,1.0,0.25,0.7213475204444817,0.25,4.0
PH01829,PH00583,0,0.0,0.0,0.0,0.0,4.0
PH04386,PH02038,0,0.0,0.0,0.0,0.0,1.0
PH02144,PH02305,0,0.0,0.0,0.0,0.0,3.0
PH01954,PH01548,0,0.0,0.0,0.0,0.0,4.0
PH02736,PH00562,0,1.0,0.3333333333333333,0.6213349345596119,0.2,3.0
PH03726,PH01764,0,0.0,0.0,0.0,0.0,2.0
PH02469,PH03909,0,0.0,0.0,0.0,0.0,12.0
PH04360,PH03952,0,0.0,0.0,0.0,0.0,7.0
PH02845,PH01816,0,0.0,0.0,0.0,0.0,8.0
PH00707,PH03597,0,1.0,0.1,0.9102392266268373,0.3333333333333333,30.0
PH03110,PH04030,0,0.0,0.0,0.0,0.0,4.0
PH01917,PH03656,0,0.0,0.0,0.0,0.0,3.0
PH00732,PH01645,0,0.0,0.0,0.0,0.0,6.0
PH04273,PH03482,0,0.0,0.0,0.0,0.0,10.0
PH03120,PH02492,0,1.0,0.125,0.9102392266268373,0.3333333333333333,20.0
PH01028,PH00008,0,0.0,0.0,0.0,0.0,3.0
PH00981,PH03897,0,0.0,0.0,0.0,0.0,12.0
PH02408,PH00200,0,0.0,0.0,0.0,0.0,9.0
PH00157,PH01555,0,0.0,0.0,0.0,0.0,9.0
PH01700,PH03256,0,1.0,0.09090909090909091,0.6213349345596119,0.2,32.0
PH03605,PH01004,0,0.0,0.0,0.0,0.0,6.0
PH03442,PH02170,0,0.0,0.0,0.0,0.0,3.0
PH01397,PH00828,0,0.0,0.0,0.0,0.0,6.0
PH04277,PH01821,0,0.0,0.0,0.0,0.0,4.0
PH01660,PH04308,0,1.0,0.07142857142857142,0.9102392266268373,0.3333333333333333,56.0
PH00038,PH03788,0,0.0,0.0,0.0,0.0,5.0
PH03562,PH01897,0,0.0,0.0,0.0,0.0,8.0
PH01851,PH03160,0,0.0,0.0,0.0,0.0,12.0
PH01708,PH03839,0,0.0,0.0,0.0,0.0,4.0
PH04189,PH01515,0,1.0,0.2,0.5581106265512472,0.16666666666666666,8.0
PH01129,PH03579,0,0.0,0.0,0.0,0.0,20.0
PH00480,PH03533,0,0.0,0.0,0.0,0.0,6.0
PH01693,PH03606,0,0.0,0.0,0.0,0.0,6.0
PH03891,PH01118,0,0.0,0.0,0.0,0.0,10.0
PH00347,PH03254,0,1.0,0.1111111111111111,0.7213475204444817,0.25,25.0
PH01331,PH01803,0,0.0,0.0,0.0,0.0,4.0
PH01446,PH00275,0,0.0,0.0,0.0,0.0,3.0
PH02965,PH01069,0,0.0,0.0,0.0,0.0,6.0
PH02646,PH00010,0,0.0,0.0,0.0,0.0,4.0
PH02160,PH02034,0,1.0,0.2,0.9102392266268373,0.3333333333333333,8.0
PH04261,PH02296,0,0.0,0.0,0.0,0.0,2.0
PH02486,PH03637,0,0.0,0.0,0.0,0.0,6.0
PH00942,PH02531,0,0.0,0.0,0.0,0.0,2.0
PH04460,PH04102,0,0.0,0.0,0.0,0.0,8.0
PH00580,PH00177,0,1.0,0.125,0.6213349345596119,0.2,8.0
PH00891,PH02747,0,0.0,0.0,0.0,0.0,7.0
PH01559,PH00168,0,0.0,0.0,0.0,0.0,18.0
PH02841,PH01673,0,0.0,0.0,0.0,0.0,10.0
PH03313,PH02594,0,0.0,0.0,0.0,0.0,1.0
PH03637,PH04301,0,1.0,0.16666666666666666,1.4426950408889634,0.5,12.0
PH00413,PH02662,0,0.0,0.0,0.0,0.0,15.0
PH04131,PH00373,0,0.0,0.0,0.0,0.0,14.0
PH01722,PH02506,0,0.0,0.0,0.0,0.0,8.0
PH00290,PH02904,0,0.0,0.0,0.0,0.0,12.0
PH03598,PH03268,0,1.0,0.2,0.5138983423697507,0.14285714285714285,9.0
PH00847,PH03745,0,0.0,0.0,0.0,0.0,12.0
PH01553,PH01129,0,0.0,0.0,0.0,0.0,16.0
PH02562,PH03546,0,0.0,0.0,0.0,0.0,6.0
PH00739,PH01747,0,0.0,0.0,0.0,0.0,20.0
PH01382,PH00143,0,1.0,0.2,1.4426950408889634,0.5,8.0
PH02071,PH00596,0,0.0,0.0,0.0,0.0,15.0
PH04306,PH02175,0,0.0,0.0,0.0,0.0,2.0
PH00667,PH03923,0,0.0,0.0,0.0,0.0,10.0
PH01612,PH02475,0,0.0,0.0,0.0,0.0,15.0
PH02735,PH01252,0,1.0,0.14285714285714285,0.7213475204444817,0.25,16.0
PH00338,PH03099,0,0.0,0.0,0.0,0.0,9.0
PH02456,PH03782,0,0.0,0.0,0.0,0.0,6.0
PH02068,PH00135,0,0.0,0.0,0.0,0.0,9.0
PH04499,PH00020,0,0.0,0.0,0.0,0.0,5.0
PH00272,PH00599,0,1.0,0.16666666666666666,0.43429448190325176,0.1,12.0
PH02889,PH01541,0,0.0,0.0,0.0,0.0,6.0
PH01765,PH03782,0,0.0,0.0,0.0,0.0,4.0
PH00198,PH02631,0,0.0,0.0,0.0,0.0,3.0
PH02363,PH03021,0,0.0,0.0,0.0,0.0,8.0
PH03402,PH03937,0,1.0,0.09090909090909091,0.5138983423697507,0.14285714285714285,32.0
PH00956,PH00561,0,0.0,0.0,0.0,0.0,8.0
PH00608,PH03611,0,0.0,0.0,0.0,0.0,15.0
PH02211,PH00518,0,0.0,0.0,0.0,0.0,9.0
PH01809,PH03921,0,0.0,0.0,0.0,0.0,8.0
PH01609,PH03989,0,1.0,0.25,0.9102392266268373,0.3333333333333333,6.0
PH02310,PH03826,0,0.0,0.0,0.0,0.0,15.0
PH03571,PH01958,0,0.0,0.0,0.0,0.0,16.0
PH01554,PH00233,0,0.0,0.0,0.0,0.0,12.0
PH00731,PH01701,0,0.0,0.0,0.0,0.0,4.0
PH04336,PH02082,0,1.0,0.2,0.5138983423697507,0.14285714285714285,9.0
PH04306,PH04337,0,0.0,0.0,0.0,0.0,1.0
PH00109,PH02627,0,0.0,0.0,0.0,0.0,6.0
PH02367,PH04320,0,0.0,0.0,0.0,0.0,16.0
PH04424,PH00366,0,0.0,0.0,0.0,0.0,6.0
PH03113,PH01320,0,1.0,0.16666666666666666,0.5581106265512472,0.16666666666666666,12.0
PH01071,PH02702,0,0.0,0.0,0.0,0.0,4.0
PH02481,PH04068,0,0.0,0.0,0.0,0.0,3.0
PH01423,PH01480,0,0.0,0.0,0.0,0.0,35.0
PH03060,PH02340,0,0.0,0.0,0.0,0.0,32.0
PH00575,PH01757,0,1.0,0.14285714285714285,0.7213475204444817,0.25,16.0
PH01880,PH03096,0,0.0,0.0,0.0,0.0,18.0
PH02711,PH03962,0,0.0,0.0,0.0,0.0,15.0
PH02543,PH00722,0,0.0,0.0,0.0,0.0,2.0
PH04319,PH01468,0,0.0,0.0,0.0,0.0,6.0
PH02201,PH03165,0,1.0,0.125,0.7213475204444817,0.25,14.0
PH01949,PH03324,0,0.0,0.0,0.0,0.0,18.0
PH04443,PH03627,0,0.0,0.0,0.0,0.0,5.0
PH03169,PH02152,0,0.0,0.0,0.0,0.0,6.0
PH01657,PH00263,0,0.0,0.0,0.0,0.0,4.0
PH01597,PH00851,0,1.0,0.125,0.9102392266268373,0.3333333333333333,20.0
PH00753,PH01786,0,0.0,0.0,0.0,0.0,6.0
PH00385,PH03227,0,0.0,0.0,0.0,0.0,1.0
PH01018,PH00091,0,0.0,0.0,0.0,0.0,5.0
PH01880,PH01366,0,0.0,0.0,0.0,0.0,12.0
PH00685,PH02895,0,1.0,0.07692307692307693,0.6213349345596119,0.2,48.0
PH03920,PH00194,0,0.0,0.0,0.0,0.0,20.0
PH02595,PH01950,0,0.0,0.0,0.0,0.0,12.0
PH01980,PH02180,0,0.0,0.0,0.0,0.0,5.0
PH04499,PH02402,0,0.0,0.0,0.0,0.0,5.0
PH00129,PH00847,0,1.0,0.14285714285714285,0.9102392266268373,0.3333333333333333,12.0
PH00411,PH02486,0,0.0,0.0,0.0,0.0,2.0
PH04498,PH00603,0,0.0,0.0,0.0,0.0,8.0
PH04179,PH00584,0,0.0,0.0,0.0,0.0,2.0
PH04013,PH02941,0,0.0,0.0,0.0,0.0,15.0
PH03671,PH01698,0,1.0,0.1,0.6213349345596119,0.2,30.0
PH01541,PH01744,0,0.0,0.0,0.0,0.0,1.0
PH02539,PH01382,0,0.0,0.0,0.0,0.0,8.0
PH01497,PH02960,0,0.0,0.0,0.0,0.0,8.0
PH01006,PH02927,0,0.0,0.0,0.0,0.0,9.0
PH00757,PH01763,0,1.0,0.16666666666666666,0.6213349345596119,0.2,12.0
PH04435,PH00603,0,0.0,0.0,0.0,0.0,4.0
PH00954,PH02396,0,0.0,0.0,0.0,0.0,1.0
PH04406,PH01046,0,0.0,0.0,0.0,0.0,2.0
PH00271,PH01158,0,0.0,0.0,0.0,0.0,42.0
PH03555,PH04400,0,1.0,0.1111111111111111,0.5581106265512472,0.16666666666666666,24.0
PH01188,PH01641,0,0.0,0.0,0.0,0.0,8.0
PH03732,PH01209,0,0.0,0.0,0.0,0.0,12.0
PH00309,PH00354,0,0.0,0.0,0.0,0.0,5.0
PH01207,PH01512,0,0.0,0.0,0.0,0.0,6.0
PH02632,PH02435,0,1.0,0.09090909090909091,0.7213475204444817,0.25,36.0
PH01580,PH00441,0,0.0,0.0,0.0,0.0,2.0
PH02788,PH03350,0,0.0,0.0,0.0,0.0,12.0
PH04478,PH02700,0,0.0,0.0,0.0,0.0,4.0
PH02827,PH00128,0,0.0,0.0,0.0,0.0,10.0
PH02766,PH00988,0,1.0,0.25,0.5581106265512472,0.16666666666666666,6.0
PH04187,PH00192,0,0.0,0.0,0.0,0.0,6.0
PH03516,PH01245,0,0.0,0.0,0.0,0.0,6.0
PH03384,PH02876,0,0.0,0.0,0.0,0.0,6.0
PH02718,PH01281,0,0.0,0.0,0.0,0.0,8.0
PH02252,PH02552,0,1.0,0.125,0.7213475204444817,0.25,20.0
PH04260,PH03959,0,0.0,0.0,0.0,0.0,3.0
PH02431,PH02008,0,0.0,0.0,0.0,0.0,15.0
PH01276,PH03791,0,0.0,0.0,0.0,0.0,6.0
PH02406,PH00419,0,0.0,0.0,0.0,0.0,9.0
PH02635,PH01539,0,1.0,0.3333333333333333,0.5581106265512472,0.16666666666666666,3.0
PH01727,PH01613,0,0.0,0.0,0.0,0.0,4.0
PH03982,PH02423,0,0.0,0.0,0.0,0.0,12.0
PH02951,PH01366,0,0.0,0.0,0.0,0.0,20.0
PH03177,PH00201,0,0.0,0.0,0.0,0.0,6.0
PH02740,PH03249,0,1.0,0.25,0.48089834696298783,0.125,6.0
PH01893,PH01649,0,0.0,0.0,0.0,0.0,12.0
PH01764,PH03796,0,0.0,0.0,0.0,0.0,1.0
PH04297,PH01317,0,0.0,0.0,0.0,0.0,25.0
PH03091,PH03230,0,0.0,0.0,0.0,0.0,4.0
PH03421,PH00028,0,1.0,0.25,0.7213475204444817,0.25,6.0
PH02108,PH01120,0,0.0,0.0,0.0,0.0,6.0
PH03809,PH01581,0,0.0,0.0,0.0,0.0,3.0
PH03881,PH02859,0,0.0,0.0,0.0,0.0,1.0
PH02638,PH04026,0,0.0,0.0,0.0,0.0,4.0
PH00271,PH03093,0,1.0,0.1111111111111111,0.7213475204444817,0.25,21.0
PH01480,PH03745,0,0.0,0.0,0.0,0.0,10.0
PH01912,PH03165,0,0.0,0.0,0.0,0.0,8.0
PH03711,PH01453,0,0.0,0.0,0.0,0.0,10.0
PH00807,PH01087,0,0.0,0.0,0.0,0.0,6.0
PH00375,PH04420,0,1.0,0.14285714285714285,0.7213475204444817,0.25,15.0
PH00849,PH01799,0,0.0,0.0,0.0,0.0,21.0
PH04264,PH02911,0,0.0,0.0,0.0,0.0,3.0
PH00526,PH03477,0,0.0,0.0,0.0,0.0,12.0
PH03863,PH02674,0,0.0,0.0,0.0,0.0,2.0
PH04003,PH01246,0,1.0,0.08333333333333333,0.6213349345596119,0.2,42.0
PH01156,PH02314,0,0.0,0.0,0.0,0.0,8.0
PH00985,PH01578,0,0.0,0.0,0.0,0.0,4.0
PH00757,PH01317,0,0.0,0.0,0.0,0.0,20.0
PH01037,PH00288,0,0.0,0.0,0.0,0.0,21.0
PH00302,PH01118,0,1.0,0.14285714285714285,0.7213475204444817,0.25,15.0
PH04238,PH04447,0,0.0,0.0,0.0,0.0,8.0
PH00046,PH03504,0,0.0,0.0,0.0,0.0,8.0
PH01295,PH00600,0,0.0,0.0,0.0,0.0,9.0
PH03892,PH00997,0,0.0,0.0,0.0,0.0,16.0
PH02548,PH01759,0,1.0,0.2,0.7213475204444817,0.25,9.0
PH03597,PH01902,0,0.0,0.0,0.0,0.0,12.0
PH00660,PH02437,0,0.0,0.0,0.0,0.0,6.0
PH02210,PH02091,0,0.0,0.0,0.0,0.0,3.0
PH03669,PH03708,0,0.0,0.0,0.0,0.0,6.0
PH02128,PH00394,0,1.0,0.16666666666666666,0.5581106265512472,0.16666666666666666,6.0
PH01309,PH01196,0,0.0,0.0,0.0,0.0,15.0
PH02591,PH03303,0,0.0,0.0,0.0,0.0,3.0
PH02563,PH03195,0,0.0,0.0,0.0,0.0,10.0
PH00633,PH02166,0,0.0,0.0,0.0,0.0,8.0
PH03269,PH03526,0,1.0,0.2,0.6213349345596119,0.2,5.0
PH02252,PH03945,0,0.0,0.0,0.0,0.0,12.0
PH00198,PH04007,0,0.0,0.0,0.0,0.0,3.0
PH02100,PH01509,0,0.0,0.0,0.0,0.0,12.0
PH00806,PH00736,0,0.0,0.0,0.0,0.0,35.0
PH02866,PH00768,0,1.0,0.25,0.5138983423697507,0.14285714285714285,6.0
PH01786,PH00030,0,0.0,0.0,0.0,0.0,12.0
PH03732,PH02397,0,0.0,0.0,0.0,0.0,9.0
PH01367,PH00809,0,0.0,0.0,0.0,0.0,5.0
PH01522,PH03950,0,0.0,0.0,0.0,0.0,2.0
PH03097,PH01884,0,1.0,0.2,0.5138983423697507,0.14285714285714285,8.0
PH02031,PH04310,0,0.0,0.0,0.0,0.0,8.0
PH02935,PH03660,0,0.0,0.0,0.0,0.0,3.0
PH04205,PH00093,0,0.0,0.0,0.0,0.0,10.0
PH03916,PH01410,0,0.0,0.0,0.0,0.0,12.0
PH02184,PH00603,0,1.0,0.125,0.5138983423697507,0.14285714285714285,20.0
PH01500,PH03667,0,0.0,0.0,0.0,0.0,6.0
PH01704,PH03114,0,0.0,0.0,0.0,0.0,16.0
PH00648,PH00043,0,0.0,0.0,0.0,0.0,3.0
PH03412,PH03835,0,0.0,0.0,0.0,0.0,2.0
PH03849,PH00563,0,1.0,0.125,0.9102392266268373,0.3333333333333333,20.0
PH02892,PH04323,0,0.0,0.0,0.0,0.0,8.0
PH01554,PH01687,0,0.0,0.0,0.0,0.0,36.0
PH03779,PH01340,0,0.0,0.0,0.0,0.0,18.0
PH03128,PH00892,0,0.0,0.0,0.0,0.0,2.0
PH00454,PH04060,0,1.0,0.08333333333333333,0.6213349345596119,0.2,42.0
PH00443,PH04499,0,0.0,0.0,0.0,0.0,2.0
PH03663,PH01095,0,0.0,0.0,0.0,0.0,10.0
PH03382,PH01105,0,0.0,0.0,0.0,0.0,15.0
PH02933,PH01245,0,0.0,0.0,0.0,0.0,18.0
PH01820,PH02980,0,1.0,0.125,0.9102392266268373,0.3333333333333333,18.0
PH00105,PH00272,0,0.0,0.0,0.0,0.0,3.0
PH02010,PH00216,0,0.0,0.0,0.0,0.0,8.0
PH04040,PH04471,0,0.0,0.0,0.0,0.0,10.0
PH02804,PH01454,0,0.0,0.0,0.0,0.0,8.0
PH04498,PH03383,0,1.0,0.16666666666666666,0.7213475204444817,0.25,10.0
PH03552,PH02689,0,0.0,0.0,0.0,0.0,4.0
PH02277,PH00478,0,0.0,0.0,0.0,0.0,8.0
PH03444,PH03742,0,0.0,0.0,0.0,0.0,4.0
PH02090,PH01448,0,0.0,0.0,0.0,0.0,16.0
PH01924,PH00700,0,1.0,0.25,0.9102392266268373,0.3333333333333333,6.0
PH02831,PH01163,0,0.0,0.0,0.0,0.0,3.0
PH04388,PH00299,0,0.0,0.0,0.0,0.0,4.0
PH02822,PH00092,0,0.0,0.0,0.0,0.0,6.0
PH00458,PH01059,0,0.0,0.0,0.0,0.0,4.0
PH00071,PH03904,0,1.0,0.25,0.7213475204444817,0.25,6.0
PH04236,PH02360,0,0.0,0.0,0.0,0.0,16.0
PH02828,PH02096,0,0.0,0.0,0.0,0.0,4.0
PH01591,PH00862,0,0.0,0.0,0.0,0.0,8.0
PH02763,PH03389,0,0.0,0.0,0.0,0.0,2.0
PH00149,PH02816,0,1.0,0.07142857142857142,0.48089834696298783,0.125,56.0
PH01543,PH04122,0,0.0,0.0,0.0,0.0,2.0
PH02120,PH01001,0,0.0,0.0,0.0,0.0,5.0
PH00005,PH03101,0,0.0,0.0,0.0,0.0,3.0
PH00485,PH00359,0,0.0,0.0,0.0,0.0,12.0
PH04040,PH01659,0,1.0,0.125,0.5581106265512472,0.16666666666666666,20.0
PH01850,PH01174,0,0.0,0.0,0.0,0.0,4.0
PH00734,PH02882,0,0.0,0.0,0.0,0.0,4.0
PH02307,PH01206,0,0.0,0.0,0.0,0.0,1.0
PH02880,PH02059,0,0.0,0.0,0.0,0.0,2.0
PH00065,PH03112,0,1.0,0.2,0.7213475204444817,0.25,8.0
PH02654,PH01968,0,0.0,0.0,0.0,0.0,6.0
PH03008,PH03754,0,0.0,0.0,0.0,0.0,10.0
PH04366,PH03245,0,0.0,0.0,0.0,0.0,15.0
PH01586,PH00385,0,0.0,0.0,0.0,0.0,3.0
PH02640,PH03201,0,1.0,0.16666666666666666,0.9102392266268373,0.3333333333333333,10.0
PH01351,PH03217,0,0.0,0.0,0.0,0.0,6.0
PH01583,PH01656,0,0.0,0.0,0.0,0.0,9.0
PH04399,PH00203,0,0.0,0.0,0.0,0.0,3.0
PH03534,PH00615,0,0.0,0.0,0.0,0.0,10.0
PH04434,PH03045,0,1.0,0.1111111111111111,0.9102392266268373,0.3333333333333333,24.0
PH02924,PH00891,0,0.0,0.0,0.0,0.0,7.0
PH00757,PH02824,0,0.0,0.0,0.0,0.0,8.0
PH01083,PH00465,0,0.0,0.0,0.0,0.0,30.0
PH02852,PH03224,0,0.0,0.0,0.0,0.0,12.0
PH00889,PH02980,0,1.0,0.14285714285714285,0.9102392266268373,0.3333333333333333,12.0
PH01812,PH04272,0,0.0,0.0,0.0,0.0,5.0
PH01577,PH03332,0,0.0,0.0,0.0,0.0,15.0
PH00677,PH04339,0,0.0,0.0,0.0,0.0,18.0
PH02267,PH00969,0,0.0,0.0,0.0,0.0,6.0
PH02390,PH03850,0,2.0,0.2857142857142857,1.9235933878519513,0.625,18.0
PH03397,PH02855,0,0.0,0.0,0.0,0.0,4.0
PH02270,PH00605,0,0.0,0.0,0.0,0.0,12.0
PH01068,PH01154,0,0.0,0.0,0.0,0.0,12.0
PH03761,PH00036,0,0.0,0.0,0.0,0.0,6.0
PH01050,PH00337,0,1.0,0.14285714285714285,0.7213475204444817,0.25,16.0
PH01199,PH03173,0,0.0,0.0,0.0,0.0,6.0
PH02339,PH01999,0,0.0,0.0,0.0,0.0,6.0
PH02687,PH02519,0,0.0,0.0,0.0,0.0,2.0
PH02383,PH02390,0,0.0,0.0,0.0,0.0,18.0
PH04027,PH04311,0,1.0,0.09090909090909091,0.7213475204444817,0.25,32.0
PH00477,PH00259,0,0.0,0.0,0.0,0.0,12.0
PH00465,PH00889,0,0.0,0.0,0.0,0.0,10.0
PH01345,PH00006,0,0.0,0.0,0.0,0.0,1.0
PH03314,PH02390,0,0.0,0.0,0.0,0.0,24.0
PH03851,PH03113,0,1.0,0.2,0.5581106265512472,0.16666666666666666,8.0
PH01807,PH03396,0,0.0,0.0,0.0,0.0,10.0
PH02252,PH02962,0,0.0,0.0,0.0,0.0,20.0
PH04297,PH03158,0,0.0,0.0,0.0,0.0,15.0
PH01003,PH03165,0,0.0,0.0,0.0,0.0,10.0
PH02078,PH02445,0,1.0,0.25,0.48089834696298783,0.125,6.0
PH01805,PH02052,0,0.0,0.0,0.0,0.0,6.0
PH00984,PH02154,0,0.0,0.0,0.0,0.0,1.0
PH01190,PH03730,0,0.0,0.0,0.0,0.0,9.0
PH04320,PH01886,0,0.0,0.0,0.0,0.0,20.0
PH01931,PH04367,0,1.0,0.1,0.5138983423697507,0.14285714285714285,28.0
PH02399,PH04355,0,0.0,0.0,0.0,0.0,12.0
PH02041,PH03329,0,0.0,0.0,0.0,0.0,8.0
PH02306,PH02479,0,0.0,0.0,0.0,0.0,8.0
PH03458,PH04133,0,0.0,0.0,0.0,0.0,12.0
PH04394,PH03610,0,1.0,0.14285714285714285,0.7213475204444817,0.25,15.0
PH04060,PH00215,0,0.0,0.0,0.0,0.0,56.0
PH01094,PH00945,0,0.0,0.0,0.0,0.0,3.0
PH01439,PH01059,0,0.0,0.0,0.0,0.0,12.0
PH02703,PH00112,0,0.0,0.0,0.0,0.0,1.0
PH02671,PH02789,0,1.0,0.14285714285714285,0.5581106265512472,0.16666666666666666,12.0
PH03326,PH02221,0,0.0,0.0,0.0,0.0,8.0
PH01698,PH04444,0,0.0,0.0,0.0,0.0,24.0
PH01660,PH00875,0,0.0,0.0,0.0,0.0,28.0
PH00703,PH02703,0,0.0,0.0,0.0,0.0,3.0
PH01923,PH00001,0,1.0,0.14285714285714285,0.7213475204444817,0.25,15.0
PH00815,PH03953,0,0.0,0.0,0.0,0.0,2.0
PH01898,PH03129,0,0.0,0.0,0.0,0.0,12.0
PH04043,PH01393,0,0.0,0.0,0.0,0.0,12.0
PH01078,PH03529,0,0.0,0.0,0.0,0.0,15.0
PH01531,PH04030,0,1.0,0.3333333333333333,0.5581106265512472,0.16666666666666666,4.0
PH02574,PH00327,0,0.0,0.0,0.0,0.0,12.0
PH01047,PH02224,0,0.0,0.0,0.0,0.0,8.0
PH00099,PH01129,0,0.0,0.0,0.0,0.0,8.0
PH04493,PH02988,0,0.0,0.0,0.0,0.0,12.0
PH02757,PH03096,0,1.0,0.1,0.7213475204444817,0.25,30.0
PH03715,PH02711,0,0.0,0.0,0.0,0.0,6.0
PH03692,PH01705,0,0.0,0.0,0.0,0.0,6.0
PH03817,PH03695,0,0.0,0.0,0.0,0.0,5.0
PH03529,PH02540,0,0.0,0.0,0.0,0.0,9.0
PH02561,PH04457,0,1.0,0.1111111111111111,0.6213349345596119,0.2,21.0
PH01414,PH00269,0,0.0,0.0,0.0,0.0,4.0
PH00910,PH04350,0,0.0,0.0,0.0,0.0,2.0
PH02576,PH04278,0,0.0,0.0,0.0,0.0,8.0
PH03376,PH01777,0,0.0,0.0,0.0,0.0,12.0
PH03084,PH00391,0,1.0,0.14285714285714285,0.6213349345596119,0.2,16.0
PH01833,PH02216,0,0.0,0.0,0.0,0.0,6.0
PH01116,PH03338,0,0.0,0.0,0.0,0.0,4.0
PH00787,PH02248,0,0.0,0.0,0.0,0.0,15.0
PH02935,PH01136,0,0.0,0.0,0.0,0.0,1.0
PH02549,PH04216,0,1.0,0.1111111111111111,0.6213349345596119,0.2,21.0
PH01245,PH02832,0,0.0,0.0,0.0,0.0,9.0
PH00135,PH04254,0,0.0,0.0,0.0,0.0,6.0
PH02388,PH00386,0,0.0,0.0,0.0,0.0,15.0
PH00155,PH03400,0,0.0,0.0,0.0,0.0,8.0
PH00029,PH03631,0,1.0,0.2,0.6213349345596119,0.2,8.0
PH02127,PH00030,0,0.0,0.0,0.0,0.0,6.0
PH00957,PH04479,0,0.0,0.0,0.0,0.0,5.0
PH04201,PH01609,0,0.0,0.0,0.0,0.0,6.0
PH02994,PH00790,0,0.0,0.0,0.0,0.0,6.0
PH01554,PH03663,0,1.0,0.14285714285714285,0.6213349345596119,0.2,12.0
PH01410,PH00968,0,0.0,0.0,0.0,0.0,16.0
PH03069,PH00470,0,0.0,0.0,0.0,0.0,20.0
PH01033,PH03186,0,0.0,0.0,0.0,0.0,5.0
PH03189,PH00885,0,0.0,0.0,0.0,0.0,2.0
PH00165,PH03195,0,1.0,0.1111111111111111,0.6213349345596119,0.2,25.0
PH00611,PH03249,0,0.0,0.0,0.0,0.0,6.0
PH01296,PH02887,0,0.0,0.0,0.0,0.0,2.0
PH01672,PH00308,0,0.0,0.0,0.0,0.0,2.0
PH03341,PH02618,0,0.0,0.0,0.0,0.0,2.0
PH04313,PH01146,0,1.0,0.2,0.6213349345596119,0.2,8.0
PH03337,PH00814,0,0.0,0.0,0.0,0.0,4.0
PH01173,PH00524,0,0.0,0.0,0.0,0.0,2.0
PH03309,PH03008,0,0.0,0.0,0.0,0.0,4.0
PH03805,PH02231,0,0.0,0.0,0.0,0.0,6.0
PH00393,PH04136,0,1.0,0.1,0.6213349345596119,0.2,30.0
PH02894,PH03857,0,0.0,0.0,0.0,0.0,20.0
PH01847,PH03648,0,0.0,0.0,0.0,0.0,2.0
PH04104,PH00936,0,0.0,0.0,0.0,0.0,12.0
PH01330,PH01923,0,0.0,0.0,0.0,0.0,5.0
PH04219,PH02988,0,1.0,0.14285714285714285,0.5138983423697507,0.14285714285714285,16.0
PH01581,PH04392,0,0.0,0.0,0.0,0.0,1.0
PH04242,PH02007,0,0.0,0.0,0.0,0.0,6.0
PH04266,PH00825,0,0.0,0.0,0.0,0.0,5.0
PH02987,PH00617,0,0.0,0.0,0.0,0.0,10.0
PH00359,PH01582,0,1.0,0.125,0.6213349345596119,0.2,20.0
PH01995,PH01347,0,0.0,0.0,0.0,0.0,4.0
PH04233,PH02920,0,0.0,0.0,0.0,0.0,10.0
PH03835,PH04311,0,0.0,0.0,0.0,0.0,8.0
PH00297,PH03866,0,0.0,0.0,0.0,0.0,6.0
PH00363,PH02751,0,1.0,0.16666666666666666,0.7213475204444817,0.25,10.0
PH02133,PH02748,0,0.0,0.0,0.0,0.0,12.0
PH00948,PH00756,0,0.0,0.0,0.0,0.0,20.0
PH02647,PH00685,0,0.0,0.0,0.0,0.0,18.0
PH04351,PH03591,0,0.0,0.0,0.0,0.0,6.0
PH04336,PH02082,0,1.0,0.2,0.5138983423697507,0.14285714285714285,9.0
PH03889,PH03929,0,0.0,0.0,0.0,0.0,4.0
PH04378,PH00341,0,0.0,0.0,0.0,0.0,6.0
PH04314,PH03257,0,0.0,0.0,0.0,0.0,3.0
PH01670,PH01751,0,0.0,0.0,0.0,0.0,20.0
PH01314,PH01193,0,1.0,0.1,0.7213475204444817,0.25,30.0
PH00968,PH01833,0,0.0,0.0,0.0,0.0,8.0
PH00702,PH03639,0,0.0,0.0,0.0,0.0,4.0
PH01481,PH00137,0,0.0,0.0,0.0,0.0,4.0
PH02395,PH03802,0,0.0,0.0,0.0,0.0,2.0
PH04154,PH03079,0,1.0,0.125,0.6213349345596119,0.2,20.0
PH04184,PH03066,0,0.0,0.0,0.0,0.0,5.0
PH00890,PH00250,0,0.0,0.0,0.0,0.0,12.0
PH01334,PH01387,0,0.0,0.0,0.0,0.0,15.0
PH02987,PH04338,0,0.0,0.0,0.0,0.0,8.0
PH01395,PH02680,0,1.0,0.1,0.48089834696298783,0.125,30.0
PH04178,PH00812,0,0.0,0.0,0.0,0.0,20.0
PH00686,PH03513,0,0.0,0.0,0.0,0.0,12.0
PH00070,PH00848,0,0.0,0.0,0.0,0.0,16.0
PH02239,PH01681,0,0.0,0.0,0.0,0.0,9.0
PH02716,PH01348,0,1.0,0.1,0.5581106265512472,0.16666666666666666,28.0
PH01810,PH01322,0,0.0,0.0,0.0,0.0,2.0
PH00931,PH01204,0,0.0,0.0,0.0,0.0,12.0
PH03386,PH03498,0,0.0,0.0,0.0,0.0,18.0
PH00915,PH02249,0,0.0,0.0,0.0,0.0,6.0
PH04223,PH01980,0,1.0,0.1111111111111111,0.48089834696298783,0.125,25.0
PH02519,PH00525,0,0.0,0.0,0.0,0.0,2.0
PH01417,PH00789,0,0.0,0.0,0.0,0.0,4.0
PH02296,PH03210,0,0.0,0.0,0.0,0.0,3.0
PH00649,PH01139,0,0.0,0.0,0.0,0.0,8.0
PH01082,PH00227,0,1.0,0.2,0.5138983423697507,0.14285714285714285,9.0
PH02769,PH00301,0,0.0,0.0,0.0,0.0,2.0
PH02648,PH04023,0,0.0,0.0,0.0,0.0,9.0
PH03978,PH02717,0,0.0,0.0,0.0,0.0,2.0
PH01105,PH02700,0,0.0,0.0,0.0,0.0,5.0
PH01469,PH02811,0,1.0,0.5,0.5581106265512472,0.16666666666666666,2.0
PH00838,PH03756,0,0.0,0.0,0.0,0.0,8.0
PH03500,PH01412,0,0.0,0.0,0.0,0.0,8.0
PH01753,PH03171,0,0.0,0.0,0.0,0.0,6.0
PH02769,PH03404,0,0.0,0.0,0.0,0.0,2.0
PH00311,PH02847,0,1.0,0.125,0.5581106265512472,0.16666666666666666,20.0
PH03814,PH01429,0,0.0,0.0,0.0,0.0,5.0
PH01907,PH00523,0,0.0,0.0,0.0,0.0,1.0
PH03655,PH01252,0,0.0,0.0,0.0,0.0,16.0
PH00590,PH01404,0,0.0,0.0,0.0,0.0,1.0
PH00422,PH03754,0,1.0,0.1,0.5581106265512472,0.16666666666666666,30.0
PH00844,PH02032,0,0.0,0.0,0.0,0.0,8.0
PH03560,PH04075,0,0.0,0.0,0.0,0.0,15.0
PH01764,PH02616,0,0.0,0.0,0.0,0.0,2.0
PH01902,PH03964,0,0.0,0.0,0.0,0.0,6.0
PH01748,PH00740,0,1.0,0.1111111111111111,0.9102392266268373,0.3333333333333333,25.0
PH02994,PH01225,0,0.0,0.0,0.0,0.0,2.0
PH01766,PH02621,0,0.0,0.0,0.0,0.0,4.0
PH02415,PH02861,0,0.0,0.0,0.0,0.0,20.0
PH04305,PH00090,0,0.0,0.0,0.0,0.0,16.0
PH00707,PH02915,0,1.0,0.125,0.6213349345596119,0.2,20.0
PH03942,PH00351,0,0.0,0.0,0.0,0.0,9.0
PH00669,PH00937,0,0.0,0.0,0.0,0.0,12.0
PH00202,PH00738,0,0.0,0.0,0.0,0.0,5.0
PH01927,PH04224,0,0.0,0.0,0.0,0.0,20.0
PH00010,PH04470,0,1.0,0.16666666666666666,0.9102392266268373,0.3333333333333333,10.0
PH01956,PH00376,0,0.0,0.0,0.0,0.0,16.0
PH01500,PH03621,0,0.0,0.0,0.0,0.0,12.0
PH00472,PH01176,0,0.0,0.0,0.0,0.0,5.0
PH02919,PH02907,0,0.0,0.0,0.0,0.0,15.0
PH00879,PH02644,0,1.0,0.14285714285714285,0.7213475204444817,0.25,15.0
PH00940,PH01522,0,0.0,0.0,0.0,0.0,2.0
PH01692,PH01479,0,0.0,0.0,0.0,0.0,49.0
PH04306,PH02692,0,0.0,0.0,0.0,0.0,5.0
PH01130,PH03666,0,0.0,0.0,0.0,0.0,4.0
PH02220,PH02310,0,1.0,0.125,0.5138983423697507,0.14285714285714285,20.0
PH00231,PH04113,0,0.0,0.0,0.0,0.0,20.0
PH03366,PH02308,0,0.0,0.0,0.0,0.0,8.0
PH00776,PH00824,0,0.0,0.0,0.0,0.0,12.0
PH03387,PH02854,0,0.0,0.0,0.0,0.0,15.0
PH01475,PH01936,0,1.0,0.1,0.9102392266268373,0.3333333333333333,28.0
PH02960,PH02724,0,0.0,0.0,0.0,0.0,4.0
PH03224,PH01433,0,0.0,0.0,0.0,0.0,16.0
PH02919,PH04110,0,0.0,0.0,0.0,0.0,12.0
PH02341,PH01583,0,0.0,0.0,0.0,0.0,18.0
PH01453,PH00286,0,1.0,0.5,0.9102392266268373,0.3333333333333333,2.0
PH03215,PH00475,0,0.0,0.0,0.0,0.0,4.0
PH00830,PH04361,0,0.0,0.0,0.0,0.0,10.0
PH03548,PH00501,0,0.0,0.0,0.0,0.0,3.0
PH03476,PH00654,0,0.0,0.0,0.0,0.0,9.0
PH01221,PH03132,0,1.0,0.125,0.7213475204444817,0.25,20.0
PH04110,PH02886,0,0.0,0.0,0.0,0.0,8.0
PH00183,PH00883,0,0.0,0.0,0.0,0.0,9.0
PH02008,PH01847,0,0.0,0.0,0.0,0.0,5.0
PH00732,PH00605,0,0.0,0.0,0.0,0.0,9.0
PH03831,PH01660,0,1.0,0.0625,0.5138983423697507,0.14285714285714285,70.0
PH03326,PH02976,0,0.0,0.0,0.0,0.0,8.0
PH03307,PH02723,0,0.0,0.0,0.0,0.0,8.0
PH03323,PH03468,0,0.0,0.0,0.0,0.0,8.0
PH01298,PH02372,0,0.0,0.0,0.0,0.0,6.0
PH00895,PH02465,0,1.0,0.14285714285714285,0.9102392266268373,0.3333333333333333,15.0
PH02851,PH03708,0,0.0,0.0,0.0,0.0,3.0
PH03713,PH01956,0,0.0,0.0,0.0,0.0,4.0
PH03184,PH03405,0,0.0,0.0,0.0,0.0,2.0
PH03589,PH02779,0,0.0,0.0,0.0,0.0,15.0
PH03553,PH01856,0,1.0,0.1,0.5581106265512472,0.16666666666666666,28.0
PH02508,PH03788,0,0.0,0.0,0.0,0.0,15.0
PH03629,PH00244,0,0.0,0.0,0.0,0.0,6.0
PH01474,PH01624,0,0.0,0.0,0.0,0.0,2.0
PH00936,PH04181,0,0.0,0.0,0.0,0.0,12.0
PH03367,PH03326,0,1.0,0.2,0.6213349345596119,0.2,8.0
PH03329,PH02065,0,0.0,0.0,0.0,0.0,4.0
PH03909,PH02558,0,0.0,0.0,0.0,0.0,9.0
PH00915,PH01884,0,0.0,0.0,0.0,0.0,12.0
PH00716,PH01160,0,0.0,0.0,0.0,0.0,9.0
PH01437,PH02295,0,1.0,0.25,0.6213349345596119,0.2,4.0
PH01936,PH04397,0,0.0,0.0,0.0,0.0,63.0
PH01075,PH00672,0,0.0,0.0,0.0,0.0,4.0
PH03984,PH04439,0,0.0,0.0,0.0,0.0,12.0
PH04176,PH03768,0,0.0,0.0,0.0,0.0,1.0
PH00806,PH00808,0,1.0,0.14285714285714285,0.6213349345596119,0.2,15.0
PH00610,PH02021,0,0.0,0.0,0.0,0.0,12.0
PH03133,PH03761,0,0.0,0.0,0.0,0.0,2.0
PH02287,PH03088,0,0.0,0.0,0.0,0.0,6.0
PH00482,PH01956,0,0.0,0.0,0.0,0.0,8.0
PH01507,PH01735,0,1.0,0.16666666666666666,0.7213475204444817,0.25,12.0
PH02791,PH00071,0,0.0,0.0,0.0,0.0,9.0
PH01113,PH01851,0,0.0,0.0,0.0,0.0,15.0
PH00761,PH04098,0,0.0,0.0,0.0,0.0,2.0
PH00763,PH02458,0,0.0,0.0,0.0,0.0,4.0
PH03351,PH02885,0,1.0,0.5,0.6213349345596119,0.2,2.0
PH03916,PH02936,0,0.0,0.0,0.0,0.0,6.0
PH03536,PH01827,0,0.0,0.0,0.0,0.0,4.0
PH04311,PH04332,0,0.0,0.0,0.0,0.0,32.0
PH00337,PH01481,0,0.0,0.0,0.0,0.0,16.0
PH03842,PH01740,0,1.0,1.0,0.9102392266268373,0.3333333333333333,1.0
PH02299,PH00601,0,0.0,0.0,0.0,0.0,8.0
PH01663,PH01259,0,0.0,0.0,0.0,0.0,4.0
PH00850,PH02053,0,0.0,0.0,0.0,0.0,8.0
PH02101,PH03701,0,0.0,0.0,0.0,0.0,4.0
PH03403,PH01575,0,1.0,0.25,0.9102392266268373,0.3333333333333333,6.0
PH03692,PH01756,0,0.0,0.0,0.0,0.0,2.0
PH04420,PH04329,0,0.0,0.0,0.0,0.0,20.0
PH03379,PH04320,0,0.0,0.0,0.0,0.0,12.0
PH02416,PH04377,0,0.0,0.0,0.0,0.0,9.0
PH03151,PH02566,0,1.0,0.16666666666666666,0.9102392266268373,0.3333333333333333,10.0
PH00525,PH04048,0,0.0,0.0,0.0,0.0,1.0
PH01681,PH01970,0,0.0,0.0,0.0,0.0,21.0
PH00467,PH03895,0,0.0,0.0,0.0,0.0,8.0
PH02983,PH04020,0,0.0,0.0,0.0,0.0,8.0
PH01960,PH03588,0,1.0,0.14285714285714285,1.4426950408889634,0.5,15.0
PH03584,PH03711,0,0.0,0.0,0.0,0.0,15.0
PH00782,PH04140,0,0.0,0.0,0.0,0.0,8.0
PH01059,PH02809,0,0.0,0.0,0.0,0.0,8.0
PH04441,PH01026,0,0.0,0.0,0.0,0.0,21.0
PH03313,PH01755,0,1.0,0.25,0.6213349345596119,0.2,4.0
PH04331,PH02799,0,0.0,0.0,0.0,0.0,8.0
PH02668,PH02424,0,0.0,0.0,0.0,0.0,4.0
PH01316,PH02989,0,0.0,0.0,0.0,0.0,12.0
PH02174,PH04499,0,0.0,0.0,0.0,0.0,6.0
PH03588,PH01232,0,1.0,0.14285714285714285,0.5138983423697507,0.14285714285714285,15.0
PH00845,PH02028,0,0.0,0.0,0.0,0.0,2.0
PH02333,PH00515,0,0.0,0.0,0.0,0.0,1.0
PH04488,PH01061,0,0.0,0.0,0.0,0.0,3.0
PH03423,PH01317,0,0.0,0.0,0.0,0.0,15.0
PH02609,PH03583,0,1.0,0.14285714285714285,0.7213475204444817,0.25,12.0
PH02724,PH04269,0,0.0,0.0,0.0,0.0,2.0
PH03067,PH00383,0,0.0,0.0,0.0,0.0,1.0
PH01447,PH00234,0,0.0,0.0,0.0,0.0,2.0
PH00373,PH02290,0,0.0,0.0,0.0,0.0,6.0
PH03651,PH00676,0,1.0,0.2,0.6213349345596119,0.2,8.0
PH01159,PH02584,0,0.0,0.0,0.0,0.0,24.0
PH04156,PH02405,0,0.0,0.0,0.0,0.0,6.0
PH00626,PH02998,0,0.0,0.0,0.0,0.0,5.0
PH00998,PH03854,0,0.0,0.0,0.0,0.0,2.0
PH00567,PH02076,0,1.0,0.16666666666666666,0.9102392266268373,0.3333333333333333,12.0
PH03338,PH00247,0,0.0,0.0,0.0,0.0,8.0
PH01632,PH02224,0,0.0,0.0,0.0,0.0,16.0
PH03897,PH02251,0,0.0,0.0,0.0,0.0,6.0
PH01161,PH00215,0,0.0,0.0,0.0,0.0,16.0
PH03315,PH00177,0,1.0,0.3333333333333333,0.6213349345596119,0.2,3.0
PH02656,PH02614,0,0.0,0.0,0.0,0.0,15.0
PH02108,PH00061,0,0.0,0.0,0.0,0.0,9.0
PH02849,PH00598,0,0.0,0.0,0.0,0.0,1.0
PH03672,PH03705,0,0.0,0.0,0.0,0.0,3.0
PH04212,PH00964,0,1.0,0.1111111111111111,0.5581106265512472,0.16666666666666666,21.0
PH01094,PH03084,0,0.0,0.0,0.0,0.0,4.0
PH00809,PH02583,0,0.0,0.0,0.0,0.0,20.0
PH00024,PH03823,0,0.0,0.0,0.0,0.0,18.0
PH01663,PH00648,0,0.0,0.0,0.0,0.0,2.0
PH02575,PH03191,0,1.0,0.14285714285714285,0.6213349345596119,0.2,16.0
PH04184,PH01027,0,0.0,0.0,0.0,0.0,15.0
PH03281,PH00164,0,0.0,0.0,0.0,0.0,6.0
PH01515,PH01859,0,0.0,0.0,0.0,0.0,8.0
PH02528,PH03874,0,0.0,0.0,0.0,0.0,12.0
PH00709,PH01515,0,1.0,0.125,0.5581106265512472,0.16666666666666666,20.0
PH00599,PH02878,0,0.0,0.0,0.0,0.0,12.0
PH03434,PH01691,0,0.0,0.0,0.0,0.0,10.0
PH03408,PH03615,0,0.0,0.0,0.0,0.0,8.0
PH00974,PH01852,0,0.0,0.0,0.0,0.0,2.0
PH02239,PH02375,0,1.0,0.2,0.9102392266268373,0.3333333333333333,9.0
PH02121,PH00399,0,0.0,0.0,0.0,0.0,4.0
PH00572,PH03178,0,0.0,0.0,0.0,0.0,12.0
PH00602,PH04179,0,0.0,0.0,0.0,0.0,1.0
PH02054,PH00865,0,0.0,0.0,0.0,0.0,1.0
PH02474,PH04084,0,1.0,0.14285714285714285,0.5138983423697507,0.14285714285714285,15.0
PH00071,PH00760,0,0.0,0.0,0.0,0.0,6.0
PH04015,PH01212,0,0.0,0.0,0.0,0.0,6.0
PH04342,PH02985,0,0.0,0.0,0.0,0.0,15.0
PH00473,PH03125,0,0.0,0.0,0.0,0.0,5.0
PH02380,PH02194,0,1.0,0.2,0.7213475204444817,0.25,9.0
PH02013,PH01228,0,0.0,0.0,0.0,0.0,3.0
PH02876,PH02175,0,0.0,0.0,0.0,0.0,4.0
PH01784,PH03061,0,0.0,0.0,0.0,0.0,4.0
PH02582,PH02530,0,0.0,0.0,0.0,0.0,6.0
PH00172,PH03798,0,1.0,0.3333333333333333,0.5581106265512472,0.16666666666666666,4.0
PH01726,PH00966,0,0.0,0.0,0.0,0.0,25.0
PH01447,PH04043,0,0.0,0.0,0.0,0.0,6.0
PH02780,PH03100,0,0.0,0.0,0.0,0.0,9.0
PH00713,PH03376,0,0.0,0.0,0.0,0.0,2.0
PH04379,PH02212,0,1.0,0.2,0.5138983423697507,0.14285714285714285,8.0
PH00883,PH00503,0,0.0,0.0,0.0,0.0,3.0
PH02825,PH04221,0,0.0,0.0,0.0,0.0,8.0
PH00253,PH01017,0,0.0,0.0,0.0,0.0,6.0
PH02602,PH02502,0,0.0,0.0,0.0,0.0,9.0
PH03608,PH01353,0,1.0,0.125,0.9102392266268373,0.3333333333333333,20.0
PH01828,PH03539,0,0.0,0.0,0.0,0.0,20.0
PH03528,PH01005,0,0.0,0.0,0.0,0.0,4.0
PH00615,PH01394,0,0.0,0.0,0.0,0.0,16.0
PH01908,PH01063,0,0.0,0.0,0.0,0.0,30.0
PH04249,PH00098,0,1.0,0.25,0.6213349345596119,0.2,4.0
PH02349,PH02267,0,0.0,0.0,0.0,0.0,4.0
PH03185,PH00429,0,0.0,0.0,0.0,0.0,5.0
PH02016,PH03911,0,0.0,0.0,0.0,0.0,10.0
PH04242,PH03965,0,0.0,0.0,0.0,0.0,15.0
PH02110,PH00350,0,1.0,0.14285714285714285,0.45511961331341866,0.1111111111111111,16.0
PH04481,PH01221,0,0.0,0.0,0.0,0.0,15.0
PH00811,PH04314,0,0.0,0.0,0.0,0.0,4.0
PH00444,PH04455,0,0.0,0.0,0.0,0.0,1.0
PH00341,PH02863,0,0.0,0.0,0.0,0.0,12.0
PH00155,PH02537,0,1.0,0.16666666666666666,0.7213475204444817,0.25,12.0
PH04421,PH02688,0,0.0,0.0,0.0,0.0,4.0
PH02523,PH00005,0,0.0,0.0,0.0,0.0,12.0
PH02233,PH02032,0,0.0,0.0,0.0,0.0,10.0
PH02781,PH02620,0,0.0,0.0,0.0,0.0,2.0
PH03222,PH01662,0,1.0,0.3333333333333333,0.9102392266268373,0.3333333333333333,3.0
PH02275,PH01295,0,0.0,0.0,0.0,0.0,15.0
PH01009,PH00514,0,0.0,0.0,0.0,0.0,8.0
PH02162,PH03576,0,0.0,0.0,0.0,0.0,15.0
PH02897,PH03326,0,0.0,0.0,0.0,0.0,8.0
PH03537,PH03553,0,1.0,0.14285714285714285,0.5581106265512472,0.16666666666666666,16.0
PH01191,PH01514,0,0.0,0.0,0.0,0.0,2.0
PH02001,PH02212,0,0.0,0.0,0.0,0.0,20.0
PH02844,PH02104,0,0.0,0.0,0.0,0.0,9.0
PH02419,PH04478,0,0.0,0.0,0.0,0.0,4.0
PH02039,PH00477,0,1.0,0.125,0.9102392266268373,0.3333333333333333,20.0
PH03162,PH00603,0,0.0,0.0,0.0,0.0,28.0
PH02136,PH00439,0,0.0,0.0,0.0,0.0,8.0
PH03611,PH01446,0,0.0,0.0,0.0,0.0,15.0
PH03319,PH03873,0,0.0,0.0,0.0,0.0,3.0
PH01076,PH01824,0,1.0,0.14285714285714285,0.7213475204444817,0.25,16.0
PH02840,PH02215,0,0.0,0.0,0.0,0.0,6.0
PH03067,PH02554,0,0.0,0.0,0.0,0.0,1.0
PH04163,PH03977,0,0.0,0.0,0.0,0.0,15.0
PH02031,PH02046,0,0.0,0.0,0.0,0.0,12.0
PH01986,PH02225,0,1.0,0.125,0.48089834696298783,0.125,20.0
PH02885,PH01097,0,0.0,0.0,0.0,0.0,4.0
PH01461,PH00046,0,0.0,0.0,0.0,0.0,4.0
PH00082,PH00018,0,0.0,0.0,0.0,0.0,8.0
PH00296,PH00845,0,0.0,0.0,0.0,0.0,6.0
PH04405,PH04315,0,1.0,0.2,0.6213349345596119,0.2,5.0
PH01226,PH03159,0,0.0,0.0,0.0,0.0,2.0
PH00953,PH01999,0,0.0,0.0,0.0,0.0,9.0
PH00072,PH01057,0,0.0,0.0,0.0,0.0,3.0
PH02171,PH02491,0,0.0,0.0,0.0,0.0,2.0
PH00183,PH01496,0,1.0,0.25,0.9102392266268373,0.3333333333333333,6.0
PH03526,PH04201,0,0.0,0.0,0.0,0.0,3.0
PH03590,PH03826,0,0.0,0.0,0.0,0.0,6.0
PH04089,PH02232,0,0.0,0.0,0.0,0.0,3.0
PH04189,PH02554,0,0.0,0.0,0.0,0.0,2.0
PH04450,PH03668,0,1.0,0.14285714285714285,0.7213475204444817,0.25,15.0
PH00741,PH00859,0,0.0,0.0,0.0,0.0,12.0
PH02295,PH01887,0,0.0,0.0,0.0,0.0,3.0
PH02148,PH03228,0,0.0,0.0,0.0,0.0,10.0
PH03225,PH03780,0,0.0,0.0,0.0,0.0,3.0
PH03884,PH02342,0,1.0,0.2,0.6213349345596119,0.2,9.0
PH00410,PH04195,0,0.0,0.0,0.0,0.0,6.0
PH00553,PH02732,0,0.0,0.0,0.0,0.0,2.0
PH00045,PH01392,0,0.0,0.0,0.0,0.0,9.0
PH02577,PH01269,0,0.0,0.0,0.0,0.0,4.0
PH03250,PH01964,0,1.0,0.125,0.5581106265512472,0.16666666666666666,20.0
PH03215,PH02723,0,0.0,0.0,0.0,0.0,8.0
PH00847,PH01641,0,0.0,0.0,0.0,0.0,12.0
PH04272,PH03922,0,0.0,0.0,0.0,0.0,6.0
PH01217,PH01512,0,0.0,0.0,0.0,0.0,6.0
PH04157,PH00954,0,1.0,0.3333333333333333,0.7213475204444817,0.25,3.0
PH04334,PH00590,0,0.0,0.0,0.0,0.0,2.0
PH00777,PH00372,0,0.0,0.0,0.0,0.0,6.0
PH02595,PH03648,0,1.0,0.25,0.6213349345596119,0.2,6.0
PH00685,PH03029,0,0.0,0.0,0.0,0.0,18.0
PH02201,PH03165,0,1.0,0.125,0.7213475204444817,0.25,14.0
PH03731,PH01390,0,0.0,0.0,0.0,0.0,9.0
PH03723,PH01746,0,0.0,0.0,0.0,0.0,8.0
PH04302,PH04107,0,0.0,0.0,0.0,0.0,10.0
PH00132,PH01685,0,0.0,0.0,0.0,0.0,12.0
PH00958,PH03799,0,1.0,0.1111111111111111,0.5581106265512472,0.16666666666666666,21.0
PH01608,PH01286,0,0.0,0.0,0.0,0.0,2.0
PH04287,PH03063,0,0.0,0.0,0.0,0.0,4.0
PH02687,PH00792,0,0.0,0.0,0.0,0.0,3.0
PH02788,PH01255,0,0.0,0.0,0.0,0.0,12.0
PH03967,PH00956,0,1.0,0.1111111111111111,0.7213475204444817,0.25,24.0
PH03514,PH00591,0,0.0,0.0,0.0,0.0,12.0
PH02935,PH03443,0,0.0,0.0,0.0,0.0,2.0
PH01474,PH04389,0,0.0,0.0,0.0,0.0,1.0
PH04342,PH03492,0,0.0,0.0,0.0,0.0,15.0
PH04049,PH02335,0,1.0,0.09090909090909091,0.9102392266268373,0.3333333333333333,36.0
PH03080,PH03040,0,0.0,0.0,0.0,0.0,2.0
PH01999,PH03835,0,0.0,0.0,0.0,0.0,3.0
PH04344,PH01313,0,0.0,0.0,0.0,0.0,5.0
PH03283,PH02673,0,0.0,0.0,0.0,0.0,3.0
PH00744,PH01344,0,1.0,0.1111111111111111,0.9102392266268373,0.3333333333333333,24.0
PH00650,PH03485,0,0.0,0.0,0.0,0.0,30.0
PH01052,PH01553,0,0.0,0.0,0.0,0.0,24.0
PH00095,PH01048,0,0.0,0.0,0.0,0.0,6.0
PH04385,PH00261,0,0.0,0.0,0.0,0.0,4.0
PH03113,PH02231,0,1.0,0.16666666666666666,0.5581106265512472,0.16666666666666666,12.0
PH00968,PH03245,0,0.0,0.0,0.0,0.0,12.0
PH00687,PH01569,0,0.0,0.0,0.0,0.0,10.0
PH02937,PH01778,0,0.0,0.0,0.0,0.0,15.0
PH04399,PH03962,0,0.0,0.0,0.0,0.0,15.0
PH01869,PH02472,0,1.0,0.14285714285714285,1.4426950408889634,0.5,15.0
PH02696,PH00253,0,0.0,0.0,0.0,0.0,6.0
PH03455,PH02258,0,0.0,0.0,0.0,0.0,4.0
PH01597,PH01669,0,0.0,0.0,0.0,0.0,15.0
PH01962,PH03283,0,0.0,0.0,0.0,0.0,5.0
PH00200,PH01729,0,1.0,0.125,0.6213349345596119,0.2,18.0
PH03027,PH02044,0,0.0,0.0,0.0,0.0,5.0
PH04316,PH03100,0,0.0,0.0,0.0,0.0,12.0
PH03473,PH01318,0,0.0,0.0,0.0,0.0,8.0
PH03721,PH01114,0,0.0,0.0,0.0,0.0,3.0
PH01144,PH01177,0,1.0,0.1,0.6213349345596119,0.2,30.0
PH02164,PH00812,0,0.0,0.0,0.0,0.0,15.0
PH01056,PH01649,0,0.0,0.0,0.0,0.0,12.0
PH02052,PH03137,0,0.0,0.0,0.0,0.0,12.0
PH02642,PH03533,0,0.0,0.0,0.0,0.0,6.0
PH03307,PH01580,0,1.0,0.5,0.5581106265512472,0.16666666666666666,2.0
PH00756,PH03036,0,0.0,0.0,0.0,0.0,20.0
PH03349,PH00026,0,0.0,0.0,0.0,0.0,6.0
PH00551,PH00675,0,0.0,0.0,0.0,0.0,5.0
PH02465,PH02187,0,0.0,0.0,0.0,0.0,20.0
PH03883,PH00593,0,1.0,0.25,0.9102392266268373,0.3333333333333333,4.0
PH02187,PH01754,0,0.0,0.0,0.0,0.0,16.0
PH00020,PH02108,0,0.0,0.0,0.0,0.0,15.0
PH01665,PH01760,0,0.0,0.0,0.0,0.0,6.0
PH01368,PH01917,0,0.0,0.0,0.0,0.0,3.0
PH01729,PH02805,0,1.0,0.09090909090909091,0.5581106265512472,0.16666666666666666,36.0
PH00612,PH00040,0,0.0,0.0,0.0,0.0,4.0
PH02791,PH03946,0,0.0,0.0,0.0,0.0,9.0
PH00830,PH00499,0,0.0,0.0,0.0,0.0,35.0
PH03326,PH04027,0,0.0,0.0,0.0,0.0,16.0
PH02049,PH01975,0,1.0,0.1111111111111111,0.6213349345596119,0.2,24.0
PH01459,PH02854,0,0.0,0.0,0.0,0.0,30.0
PH02621,PH01477,0,0.0,0.0,0.0,0.0,4.0
PH03820,PH02796,0,0.0,0.0,0.0,0.0,20.0
PH03720,PH02965,0,0.0,0.0,0.0,0.0,12.0
PH03571,PH03965,0,1.0,0.125,0.7213475204444817,0.25,20.0
PH03315,PH00178,0,0.0,0.0,0.0,0.0,3.0
PH03254,PH01544,0,0.0,0.0,0.0,0.0,10.0
PH01992,PH01166,0,0.0,0.0,0.0,0.0,1.0
PH01103,PH04434,0,0.0,0.0,0.0,0.0,8.0
PH03844,PH03580,0,1.0,0.125,0.6213349345596119,0.2,18.0
PH02716,PH00383,0,0.0,0.0,0.0,0.0,7.0
PH03368,PH00491,0,0.0,0.0,0.0,0.0,20.0
PH03668,PH01104,0,0.0,0.0,0.0,0.0,9.0
PH02450,PH01383,0,0.0,0.0,0.0,0.0,1.0
PH01307,PH02552,0,1.0,0.1111111111111111,0.7213475204444817,0.25,25.0
PH03087,PH00064,0,0.0,0.0,0.0,0.0,8.0
PH02191,PH00084,0,0.0,0.0,0.0,0.0,6.0
PH00552,PH00717,0,0.0,0.0,0.0,0.0,14.0
PH01094,PH03608,0,0.0,0.0,0.0,0.0,5.0
PH00384,PH04275,0,1.0,0.09090909090909091,0.5138983423697507,0.14285714285714285,36.0
PH03430,PH00427,0,0.0,0.0,0.0,0.0,8.0
PH01703,PH04076,0,0.0,0.0,0.0,0.0,9.0
PH03110,PH03897,0,0.0,0.0,0.0,0.0,12.0
PH03839,PH04366,0,0.0,0.0,0.0,0.0,5.0
PH01746,PH03915,0,1.0,0.125,0.7213475204444817,0.25,20.0
PH01082,PH03349,0,0.0,0.0,0.0,0.0,6.0
PH02254,PH03450,0,0.0,0.0,0.0,0.0,15.0
PH03493,PH02658,0,0.0,0.0,0.0,0.0,4.0
PH00765,PH02345,0,0.0,0.0,0.0,0.0,16.0
PH02874,PH00915,0,1.0,0.2,0.6213349345596119,0.2,9.0
PH03756,PH04100,0,0.0,0.0,0.0,0.0,8.0
PH02937,PH02103,0,0.0,0.0,0.0,0.0,25.0
PH01737,PH02356,0,0.0,0.0,0.0,0.0,4.0
PH02612,PH02182,0,0.0,0.0,0.0,0.0,25.0
PH00883,PH01761,0,1.0,0.14285714285714285,0.6213349345596119,0.2,15.0
PH02597,PH01026,0,0.0,0.0,0.0,0.0,42.0
PH00283,PH03837,0,0.0,0.0,0.0,0.0,4.0
PH04127,PH00698,0,0.0,0.0,0.0,0.0,5.0
PH01969,PH02851,0,0.0,0.0,0.0,0.0,9.0
PH00487,PH00764,0,1.0,0.25,0.9102392266268373,0.3333333333333333,6.0
PH03572,PH00258,0,0.0,0.0,0.0,0.0,12.0
PH03990,PH03934,0,0.0,0.0,0.0,0.0,18.0
PH03861,PH02875,0,0.0,0.0,0.0,0.0,6.0
PH02121,PH03635,0,0.0,0.0,0.0,0.0,4.0
PH02466,PH00194,0,1.0,0.1111111111111111,0.5581106265512472,0.16666666666666666,24.0
PH04249,PH03300,0,0.0,0.0,0.0,0.0,20.0
PH01254,PH03498,0,0.0,0.0,0.0,0.0,12.0
PH00908,PH02544,0,0.0,0.0,0.0,0.0,6.0
PH00932,PH02630,0,0.0,0.0,0.0,0.0,12.0
PH02181,PH04225,0,1.0,0.3333333333333333,0.7213475204444817,0.25,3.0
PH01772,PH01340,0,0.0,0.0,0.0,0.0,18.0
PH03819,PH00139,0,0.0,0.0,0.0,0.0,15.0
PH03337,PH03621,0,0.0,0.0,0.0,0.0,8.0
PH00162,PH00667,0,0.0,0.0,0.0,0.0,20.0
PH01324,PH02853,0,1.0,0.1,0.7213475204444817,0.25,30.0
PH01927,PH04304,0,0.0,0.0,0.0,0.0,8.0
PH01702,PH00627,0,0.0,0.0,0.0,0.0,2.0
PH04169,PH03328,0,0.0,0.0,0.0,0.0,24.0
PH00350,PH03372,0,0.0,0.0,0.0,0.0,8.0
PH03667,PH01515,0,1.0,0.2,0.6213349345596119,0.2,8.0
PH03872,PH01212,0,0.0,0.0,0.0,0.0,8.0
PH01394,PH03881,0,0.0,0.0,0.0,0.0,8.0
PH04095,PH00318,0,0.0,0.0,0.0,0.0,18.0
PH04334,PH02092,0,0.0,0.0,0.0,0.0,10.0
PH01203,PH04138,0,1.0,0.07692307692307693,0.9102392266268373,0.3333333333333333,49.0
PH01201,PH02446,0,0.0,0.0,0.0,0.0,2.0
PH03074,PH01237,0,0.0,0.0,0.0,0.0,15.0
PH03294,PH01689,0,0.0,0.0,0.0,0.0,15.0
PH03644,PH02917,0,0.0,0.0,0.0,0.0,2.0
PH03447,PH01791,0,1.0,0.14285714285714285,0.5581106265512472,0.16666666666666666,12.0
PH00199,PH01260,0,0.0,0.0,0.0,0.0,16.0
PH03162,PH01725,0,0.0,0.0,0.0,0.0,35.0
PH04160,PH01773,0,0.0,0.0,0.0,0.0,25.0
PH02606,PH03843,0,0.0,0.0,0.0,0.0,20.0
PH02597,PH00073,0,1.0,0.1111111111111111,0.6213349345596119,0.2,24.0
PH02399,PH04273,0,0.0,0.0,0.0,0.0,30.0
PH04195,PH03690,0,0.0,0.0,0.0,0.0,8.0
PH03018,PH00159,0,0.0,0.0,0.0,0.0,12.0
PH01798,PH03636,0,0.0,0.0,0.0,0.0,4.0
PH00282,PH03688,0,1.0,0.1111111111111111,0.7213475204444817,0.25,25.0
PH02389,PH04240,0,0.0,0.0,0.0,0.0,2.0
PH01557,PH02014,0,0.0,0.0,0.0,0.0,1.0
PH00671,PH01518,0,0.0,0.0,0.0,0.0,7.0
PH01848,PH02574,0,0.0,0.0,0.0,0.0,8.0
PH01390,PH04224,0,1.0,0.14285714285714285,0.5581106265512472,0.16666666666666666,15.0
PH02567,PH03735,0,0.0,0.0,0.0,0.0,6.0
PH00823,PH03238,0,0.0,0.0,0.0,0.0,8.0
PH02222,PH03887,0,0.0,0.0,0.0,0.0,10.0
PH02769,PH00648,0,0.0,0.0,0.0,0.0,1.0
PH01505,PH02959,0,1.0,0.3333333333333333,0.7213475204444817,0.25,3.0
PH01812,PH00699,0,0.0,0.0,0.0,0.0,15.0
PH00193,PH03088,0,0.0,0.0,0.0,0.0,6.0
PH00691,PH04257,0,0.0,0.0,0.0,0.0,25.0
PH03327,PH02255,0,0.0,0.0,0.0,0.0,15.0
PH01117,PH03936,0,1.0,0.14285714285714285,0.7213475204444817,0.25,15.0
PH00450,PH02789,0,0.0,0.0,0.0,0.0,4.0
PH01687,PH03678,0,0.0,0.0,0.0,0.0,30.0
PH00992,PH02197,0,0.0,0.0,0.0,0.0,10.0
PH01084,PH00019,0,0.0,0.0,0.0,0.0,6.0
PH01328,PH02801,0,1.0,0.2,0.9102392266268373,0.3333333333333333,9.0
PH02250,PH01360,0,0.0,0.0,0.0,0.0,15.0
PH04452,PH04239,0,0.0,0.0,0.0,0.0,4.0
PH04074,PH01387,0,0.0,0.0,0.0,0.0,10.0
PH00955,PH01612,0,0.0,0.0,0.0,0.0,18.0
PH00758,PH01549,0,1.0,0.25,0.9102392266268373,0.3333333333333333,6.0
PH00553,PH01290,0,0.0,0.0,0.0,0.0,6.0
PH03666,PH01717,0,0.0,0.0,0.0,0.0,12.0
PH00188,PH02482,0,0.0,0.0,0.0,0.0,10.0
PH02786,PH01072,0,0.0,0.0,0.0,0.0,8.0
PH04400,PH00675,0,1.0,0.16666666666666666,0.5581106265512472,0.16666666666666666,6.0
PH01252,PH02535,0,0.0,0.0,0.0,0.0,16.0
PH04192,PH02705,0,0.0,0.0,0.0,0.0,3.0
PH00214,PH02585,0,0.0,0.0,0.0,0.0,6.0
PH04256,PH01341,0,0.0,0.0,0.0,0.0,1.0
PH04290,PH04311,0,1.0,0.08333333333333333,0.6213349345596119,0.2,40.0
PH00822,PH00927,0,0.0,0.0,0.0,0.0,8.0
PH03940,PH02541,0,0.0,0.0,0.0,0.0,3.0
PH02979,PH04303,0,0.0,0.0,0.0,0.0,9.0
PH03151,PH00461,0,0.0,0.0,0.0,0.0,30.0
PH03386,PH03615,0,1.0,0.1111111111111111,0.5138983423697507,0.14285714285714285,24.0
PH01786,PH00152,0,0.0,0.0,0.0,0.0,4.0
PH03226,PH02707,0,0.0,0.0,0.0,0.0,2.0
PH02024,PH01726,0,0.0,0.0,0.0,0.0,15.0
PH04037,PH00967,0,0.0,0.0,0.0,0.0,3.0
PH00715,PH02661,0,1.0,0.2,0.5138983423697507,0.14285714285714285,8.0
PH00582,PH03598,0,0.0,0.0,0.0,0.0,15.0
PH01000,PH02166,0,0.0,0.0,0.0,0.0,8.0
PH03684,PH03582,0,0.0,0.0,0.0,0.0,20.0
PH00937,PH01195,0,0.0,0.0,0.0,0.0,6.0
PH00848,PH01378,0,1.0,0.2,0.7213475204444817,0.25,8.0
PH03792,PH03036,0,0.0,0.0,0.0,0.0,8.0
PH03214,PH00092,0,0.0,0.0,0.0,0.0,12.0
PH00087,PH01874,0,0.0,0.0,0.0,0.0,6.0
PH01735,PH04328,0,0.0,0.0,0.0,0.0,6.0
PH00344,PH02512,0,1.0,0.5,0.7213475204444817,0.25,2.0
PH00356,PH01301,0,0.0,0.0,0.0,0.0,10.0
PH00075,PH00965,0,0.0,0.0,0.0,0.0,4.0
PH04095,PH01077,0,0.0,0.0,0.0,0.0,6.0
PH01951,PH03603,0,0.0,0.0,0.0,0.0,5.0
PH02397,PH01592,0,1.0,0.16666666666666666,0.7213475204444817,0.25,12.0
PH00029,PH03771,0,0.0,0.0,0.0,0.0,6.0
PH03198,PH01702,0,0.0,0.0,0.0,0.0,4.0
PH04393,PH02995,0,0.0,0.0,0.0,0.0,6.0
PH03337,PH03749,0,0.0,0.0,0.0,0.0,6.0
PH04344,PH03285,0,1.0,0.14285714285714285,0.9102392266268373,0.3333333333333333,15.0
PH01083,PH04223,0,0.0,0.0,0.0,0.0,30.0
PH04223,PH01368,0,0.0,0.0,0.0,0.0,5.0
PH02554,PH01267,0,0.0,0.0,0.0,0.0,2.0
PH01239,PH00057,0,0.0,0.0,0.0,0.0,12.0
PH00814,PH01312,0,1.0,0.5,1.4426950408889634,0.5,2.0
PH01849,PH01821,0,0.0,0.0,0.0,0.0,16.0
PH01733,PH00476,0,0.0,0.0,0.0,0.0,9.0
PH03873,PH01741,0,0.0,0.0,0.0,0.0,9.0
PH03410,PH02033,0,0.0,0.0,0.0,0.0,8.0
PH04249,PH01231,0,1.0,0.1111111111111111,0.6213349345596119,0.2,24.0
PH01612,PH02833,0,0.0,0.0,0.0,0.0,12.0
PH03682,PH00475,0,0.0,0.0,0.0,0.0,8.0
PH00535,PH04123,0,0.0,0.0,0.0,0.0,2.0
PH02984,PH00097,0,0.0,0.0,0.0,0.0,6.0
PH02372,PH04014,0,1.0,0.25,0.7213475204444817,0.25,6.0
PH02854,PH03081,0,0.0,0.0,0.0,0.0,25.0
PH00442,PH02025,0,0.0,0.0,0.0,0.0,3.0
PH00102,PH00144,0,0.0,0.0,0.0,0.0,21.0
PH01859,PH02261,0,0.0,0.0,0.0,0.0,6.0
PH02375,PH03545,0,1.0,0.2,0.7213475204444817,0.25,9.0
PH00647,PH03767,0,0.0,0.0,0.0,0.0,6.0
PH03113,PH01053,0,0.0,0.0,0.0,0.0,16.0
PH00966,PH03861,0,0.0,0.0,0.0,0.0,15.0
PH04095,PH03826,0,0.0,0.0,0.0,0.0,9.0
PH01789,PH01079,0,1.0,0.125,0.5581106265512472,0.16666666666666666,20.0
PH00195,PH02073,0,0.0,0.0,0.0,0.0,12.0
PH00621,PH03763,0,0.0,0.0,0.0,0.0,12.0
PH03361,PH03732,0,0.0,0.0,0.0,0.0,15.0
PH01054,PH01517,0,0.0,0.0,0.0,0.0,20.0
PH04136,PH02584,0,1.0,0.08333333333333333,0.9102392266268373,0.3333333333333333,40.0
PH03466,PH00267,0,0.0,0.0,0.0,0.0,12.0
PH03229,PH03960,0,0.0,0.0,0.0,0.0,9.0
PH00140,PH01721,0,0.0,0.0,0.0,0.0,30.0
PH02465,PH02389,0,0.0,0.0,0.0,0.0,10.0
PH02159,PH02340,0,1.0,0.08333333333333333,0.5138983423697507,0.14285714285714285,40.0
PH00942,PH02133,0,0.0,0.0,0.0,0.0,3.0
PH01378,PH01354,0,0.0,0.0,0.0,0.0,8.0
PH03870,PH00671,0,0.0,0.0,0.0,0.0,14.0
PH01462,PH03923,0,0.0,0.0,0.0,0.0,2.0
PH01983,PH04328,0,1.0,0.25,0.5581106265512472,0.16666666666666666,6.0
PH04278,PH03941,0,0.0,0.0,0.0,0.0,4.0
PH04131,PH02878,0,0.0,0.0,0.0,0.0,21.0
PH02126,PH03794,0,0.0,0.0,0.0,0.0,12.0
PH02988,PH01212,0,0.0,0.0,0.0,0.0,8.0
PH02962,PH04134,0,1.0,0.1111111111111111,0.6213349345596119,0.2,25.0
PH00078,PH01529,0,0.0,0.0,0.0,0.0,12.0
PH04327,PH04298,0,0.0,0.0,0.0,0.0,15.0
PH02295,PH02953,0,0.0,0.0,0.0,0.0,3.0
PH04342,PH00135,0,0.0,0.0,0.0,0.0,9.0
PH01145,PH01442,0,1.0,0.1111111111111111,0.6213349345596119,0.2,24.0
PH02848,PH01490,0,0.0,0.0,0.0,0.0,2.0
PH01808,PH00359,0,0.0,0.0,0.0,0.0,12.0
PH03426,PH03177,0,0.0,0.0,0.0,0.0,1.0
PH04135,PH00578,0,0.0,0.0,0.0,0.0,6.0
PH03537,PH01987,0,1.0,0.14285714285714285,0.5581106265512472,0.16666666666666666,16.0
PH04222,PH04089,0,0.0,0.0,0.0,0.0,1.0
PH00134,PH02973,0,0.0,0.0,0.0,0.0,4.0
PH04301,PH00716,0,0.0,0.0,0.0,0.0,12.0
PH00848,PH02714,0,0.0,0.0,0.0,0.0,4.0
PH03123,PH04467,0,1.0,0.09090909090909091,0.6213349345596119,0.2,36.0
PH02377,PH01127,0,0.0,0.0,0.0,0.0,8.0
PH01520,PH01482,0,0.0,0.0,0.0,0.0,21.0
PH02541,PH03202,0,0.0,0.0,0.0,0.0,3.0
PH01150,PH02171,0,0.0,0.0,0.0,0.0,4.0
PH02188,PH00567,0,1.0,0.14285714285714285,0.6213349345596119,0.2,16.0
PH02800,PH00201,0,0.0,0.0,0.0,0.0,18.0
PH00810,PH03224,0,0.0,0.0,0.0,0.0,8.0
PH00689,PH00057,0,0.0,0.0,0.0,0.0,12.0
PH00565,PH02674,0,0.0,0.0,0.0,0.0,1.0
PH00563,PH03693,0,1.0,0.125,0.7213475204444817,0.25,20.0
PH03960,PH03530,0,0.0,0.0,0.0,0.0,6.0
PH00627,PH01428,0,0.0,0.0,0.0,0.0,1.0
PH03067,PH01006,0,0.0,0.0,0.0,0.0,3.0
PH02261,PH01692,0,0.0,0.0,0.0,0.0,21.0
PH01885,PH01794,0,1.0,0.125,0.7213475204444817,0.25,20.0
PH02228,PH01601,0,0.0,0.0,0.0,0.0,6.0
PH04217,PH03867,0,0.0,0.0,0.0,0.0,12.0
PH04439,PH00490,0,0.0,0.0,0.0,0.0,12.0
PH03629,PH04335,0,0.0,0.0,0.0,0.0,6.0
PH00326,PH03160,0,1.0,0.125,0.7213475204444817,0.25,20.0
PH01628,PH00611,0,0.0,0.0,0.0,0.0,12.0
PH00729,PH01686,0,0.0,0.0,0.0,0.0,15.0
PH03490,PH03386,0,0.0,0.0,0.0,0.0,6.0
PH04414,PH00531,0,0.0,0.0,0.0,0.0,6.0
PH00154,PH03381,0,1.0,0.1111111111111111,0.48089834696298783,0.125,25.0
PH00487,PH01350,0,0.0,0.0,0.0,0.0,6.0
PH03219,PH02505,0,0.0,0.0,0.0,0.0,6.0
PH00276,PH03205,0,0.0,0.0,0.0,0.0,12.0
PH00907,PH01558,0,0.0,0.0,0.0,0.0,10.0
PH03733,PH03682,0,1.0,0.2,0.7213475204444817,0.25,8.0
PH02506,PH01632,0,0.0,0.0,0.0,0.0,8.0
PH00349,PH02623,0,0.0,0.0,0.0,0.0,1.0
PH01321,PH01052,0,0.0,0.0,0.0,0.0,18.0
PH00756,PH00482,0,0.0,0.0,0.0,0.0,10.0
PH01072,PH03882,0,1.0,0.25,0.7213475204444817,0.25,6.0
PH03205,PH00521,0,0.0,0.0,0.0,0.0,12.0
PH00802,PH01673,0,0.0,0.0,0.0,0.0,2.0
PH02018,PH03476,0,0.0,0.0,0.0,0.0,12.0
PH00697,PH04018,0,0.0,0.0,0.0,0.0,12.0
PH02150,PH04355,0,1.0,0.2,0.6213349345596119,0.2,8.0
PH03605,PH00190,0,0.0,0.0,0.0,0.0,15.0
PH04079,PH00900,0,0.0,0.0,0.0,0.0,6.0
PH03184,PH03536,0,0.0,0.0,0.0,0.0,8.0
PH03328,PH01558,0,0.0,0.0,0.0,0.0,15.0
PH00554,PH00553,0,1.0,0.5,0.6213349345596119,0.2,2.0
PH01960,PH01860,0,0.0,0.0,0.0,0.0,6.0
PH03824,PH03285,0,0.0,0.0,0.0,0.0,12.0
PH02986,PH04218,0,0.0,0.0,0.0,0.0,12.0
PH02272,PH03813,0,0.0,0.0,0.0,0.0,6.0
PH01399,PH03248,0,1.0,0.08333333333333333,0.6213349345596119,0.2,36.0
PH01799,PH00092,0,0.0,0.0,0.0,0.0,6.0
PH02365,PH01204,0,0.0,0.0,0.0,0.0,9.0
PH00364,PH03205,0,0.0,0.0,0.0,0.0,12.0
PH00507,PH03826,0,0.0,0.0,0.0,0.0,9.0
PH02513,PH04199,0,1.0,0.16666666666666666,0.6213349345596119,0.2,10.0
PH04133,PH01303,0,0.0,0.0,0.0,0.0,9.0
PH02068,PH03981,0,0.0,0.0,0.0,0.0,3.0
PH02571,PH02805,0,0.0,0.0,0.0,0.0,12.0
PH03486,PH03673,0,0.0,0.0,0.0,0.0,8.0
PH01147,PH00621,0,1.0,0.125,0.7213475204444817,0.25,18.0
PH02698,PH02905,0,0.0,0.0,0.0,0.0,12.0
PH00353,PH03236,0,0.0,0.0,0.0,0.0,6.0
PH01122,PH02794,0,0.0,0.0,0.0,0.0,10.0
PH00284,PH02460,0,0.0,0.0,0.0,0.0,12.0
PH00719,PH03049,0,1.0,0.125,0.5138983423697507,0.14285714285714285,20.0
PH04441,PH01068,0,0.0,0.0,0.0,0.0,9.0
PH04041,PH00906,0,0.0,0.0,0.0,0.0,4.0
PH03228,PH00061,0,0.0,0.0,0.0,0.0,15.0
PH01026,PH02671,0,0.0,0.0,0.0,0.0,42.0
PH00322,PH03447,0,1.0,0.125,0.7213475204444817,0.25,18.0
PH04490,PH03821,0,0.0,0.0,0.0,0.0,32.0
PH02581,PH03334,0,0.0,0.0,0.0,0.0,16.0
PH04416,PH02229,0,0.0,0.0,0.0,0.0,8.0
PH03808,PH00967,0,0.0,0.0,0.0,0.0,7.0
PH03750,PH03572,0,1.0,0.125,0.6213349345596119,0.2,20.0
PH03451,PH01567,0,0.0,0.0,0.0,0.0,2.0
PH04360,PH03593,0,0.0,0.0,0.0,0.0,7.0
PH02257,PH01676,0,0.0,0.0,0.0,0.0,16.0
PH02764,PH02766,0,0.0,0.0,0.0,0.0,6.0
PH04096,PH01373,0,1.0,0.14285714285714285,0.9102392266268373,0.3333333333333333,16.0
PH04331,PH00222,0,0.0,0.0,0.0,0.0,2.0
PH03423,PH04019,0,0.0,0.0,0.0,0.0,12.0
PH00092,PH01408,0,0.0,0.0,0.0,0.0,10.0
PH01518,PH03769,0,0.0,0.0,0.0,0.0,4.0
PH01980,PH03507,0,1.0,0.16666666666666666,0.5138983423697507,0.14285714285714285,10.0
PH02222,PH02367,0,0.0,0.0,0.0,0.0,8.0
PH00230,PH01534,0,0.0,0.0,0.0,0.0,6.0
PH04434,PH01146,0,0.0,0.0,0.0,0.0,16.0
PH00472,PH00747,0,0.0,0.0,0.0,0.0,3.0
PH00393,PH04136,0,1.0,0.1,0.6213349345596119,0.2,30.0
PH02968,PH03329,0,0.0,0.0,0.0,0.0,8.0
PH04398,PH02138,0,0.0,0.0,0.0,0.0,1.0
PH02174,PH02373,0,0.0,0.0,0.0,0.0,6.0
PH03930,PH04355,0,0.0,0.0,0.0,0.0,4.0
PH03269,PH04187,0,1.0,0.14285714285714285,0.6213349345596119,0.2,15.0
PH01831,PH01340,0,0.0,0.0,0.0,0.0,12.0
PH04347,PH00612,0,0.0,0.0,0.0,0.0,10.0
PH01011,PH03224,0,0.0,0.0,0.0,0.0,12.0
PH03038,PH01418,0,0.0,0.0,0.0,0.0,12.0
PH00407,PH02510,0,1.0,0.1111111111111111,0.5581106265512472,0.16666666666666666,21.0
PH02207,PH02171,0,0.0,0.0,0.0,0.0,12.0
PH02458,PH01269,0,0.0,0.0,0.0,0.0,4.0
PH01108,PH04213,0,0.0,0.0,0.0,0.0,12.0
PH04041,PH01964,0,0.0,0.0,0.0,0.0,8.0
PH00873,PH03155,0,1.0,0.14285714285714285,0.45511961331341866,0.1111111111111111,15.0
PH04367,PH02406,0,0.0,0.0,0.0,0.0,21.0
PH02838,PH04165,0,0.0,0.0,0.0,0.0,2.0
PH02644,PH01464,0,0.0,0.0,0.0,0.0,9.0
PH03947,PH01276,0,0.0,0.0,0.0,0.0,6.0
PH01110,PH02947,0,1.0,0.5,0.5581106265512472,0.16666666666666666,2.0
PH01910,PH03853,0,0.0,0.0,0.0,0.0,8.0
PH00681,PH01950,0,0.0,0.0,0.0,0.0,16.0
PH03126,PH02588,0,0.0,0.0,0.0,0.0,1.0
PH04277,PH03888,0,0.0,0.0,0.0,0.0,1.0
PH02036,PH00082,0,1.0,0.25,0.7213475204444817,0.25,4.0
PH00526,PH04126,0,0.0,0.0,0.0,0.0,3.0
PH02629,PH04247,0,0.0,0.0,0.0,0.0,3.0
PH01950,PH02036,0,0.0,0.0,0.0,0.0,4.0
PH00407,PH00506,0,0.0,0.0,0.0,0.0,21.0
PH02983,PH03742,0,1.0,0.3333333333333333,0.5138983423697507,0.14285714285714285,4.0
PH00246,PH00394,0,0.0,0.0,0.0,0.0,3.0
PH00214,PH01004,0,0.0,0.0,0.0,0.0,4.0
PH04022,PH01809,0,0.0,0.0,0.0,0.0,10.0
PH00659,PH03491,0,0.0,0.0,0.0,0.0,15.0
PH01748,PH00740,0,1.0,0.1111111111111111,0.9102392266268373,0.3333333333333333,25.0
PH03633,PH02483,0,0.0,0.0,0.0,0.0,8.0
PH03756,PH00343,0,0.0,0.0,0.0,0.0,4.0
PH04477,PH02907,0,0.0,0.0,0.0,0.0,10.0
PH02525,PH04090,0,0.0,0.0,0.0,0.0,6.0
PH01025,PH03872,0,1.0,0.25,0.9102392266268373,0.3333333333333333,4.0
PH00620,PH01971,0,0.0,0.0,0.0,0.0,9.0
PH02055,PH01441,0,0.0,0.0,0.0,0.0,12.0
PH02044,PH04217,0,0.0,0.0,0.0,0.0,3.0
PH02255,PH01636,0,0.0,0.0,0.0,0.0,30.0
PH02543,PH02122,0,1.0,0.25,0.5581106265512472,0.16666666666666666,6.0
PH02926,PH04289,0,0.0,0.0,0.0,0.0,4.0
PH04275,PH03539,0,0.0,0.0,0.0,0.0,30.0
PH02641,PH01942,0,0.0,0.0,0.0,0.0,15.0
PH03250,PH00044,0,0.0,0.0,0.0,0.0,10.0
PH01506,PH03488,0,1.0,0.3333333333333333,0.5138983423697507,0.14285714285714285,4.0
PH03445,PH02699,0,0.0,0.0,0.0,0.0,8.0
PH03358,PH03835,0,0.0,0.0,0.0,0.0,1.0
PH01297,PH00892,0,0.0,0.0,0.0,0.0,4.0
PH01151,PH04485,0,0.0,0.0,0.0,0.0,8.0
PH01049,PH01160,0,1.0,0.2,0.7213475204444817,0.25,9.0
PH01021,PH04428,0,0.0,0.0,0.0,0.0,6.0
PH04244,PH00356,0,0.0,0.0,0.0,0.0,5.0
PH01149,PH00475,0,0.0,0.0,0.0,0.0,4.0
PH02506,PH02686,0,0.0,0.0,0.0,0.0,6.0
PH00118,PH03224,0,1.0,0.1111111111111111,0.6213349345596119,0.2,24.0
PH02541,PH02389,0,0.0,0.0,0.0,0.0,6.0
PH00119,PH04159,0,0.0,0.0,0.0,0.0,7.0
PH00133,PH02436,0,0.0,0.0,0.0,0.0,6.0
PH02543,PH03926,0,0.0,0.0,0.0,0.0,6.0
PH00291,PH03773,0,1.0,0.14285714285714285,0.6213349345596119,0.2,15.0
PH01388,PH00791,0,0.0,0.0,0.0,0.0,8.0
PH02411,PH03103,0,0.0,0.0,0.0,0.0,8.0
PH04053,PH01128,0,0.0,0.0,0.0,0.0,18.0
PH04500,PH01099,0,0.0,0.0,0.0,0.0,4.0
PH03025,PH03731,0,1.0,0.2,0.6213349345596119,0.2,9.0
PH00290,PH02925,0,0.0,0.0,0.0,0.0,4.0
PH02031,PH00433,0,0.0,0.0,0.0,0.0,16.0
PH00056,PH03225,0,0.0,0.0,0.0,0.0,3.0
PH00573,PH04498,0,0.0,0.0,0.0,0.0,4.0
PH03643,PH01042,0,1.0,0.14285714285714285,0.6213349345596119,0.2,16.0
PH02476,PH03600,0,0.0,0.0,0.0,0.0,4.0
PH02974,PH04366,0,0.0,0.0,0.0,0.0,15.0
PH01174,PH03167,0,0.0,0.0,0.0,0.0,2.0
PH00095,PH02714,0,0.0,0.0,0.0,0.0,2.0
PH01723,PH02706,0,1.0,0.09090909090909091,0.9102392266268373,0.3333333333333333,32.0
PH01356,PH02665,0,0.0,0.0,0.0,0.0,2.0
PH03117,PH01673,0,0.0,0.0,0.0,0.0,6.0
PH04188,PH00310,0,0.0,0.0,0.0,0.0,10.0
PH01941,PH02567,0,0.0,0.0,0.0,0.0,9.0
PH03598,PH01828,0,1.0,0.16666666666666666,0.5138983423697507,0.14285714285714285,12.0
PH04087,PH00365,0,0.0,0.0,0.0,0.0,8.0
PH00652,PH02181,0,0.0,0.0,0.0,0.0,3.0
PH00910,PH01159,0,0.0,0.0,0.0,0.0,3.0
PH03897,PH03985,0,0.0,0.0,0.0,0.0,30.0
PH00915,PH00741,0,1.0,0.125,0.6213349345596119,0.2,18.0
PH01803,PH00239,0,0.0,0.0,0.0,0.0,3.0
PH00437,PH04400,0,0.0,0.0,0.0,0.0,6.0
PH02347,PH01956,0,0.0,0.0,0.0,0.0,12.0
PH04104,PH00485,0,0.0,0.0,0.0,0.0,9.0
PH00499,PH00792,0,1.0,0.1111111111111111,0.6213349345596119,0.2,21.0
PH00397,PH02806,0,0.0,0.0,0.0,0.0,9.0
PH03180,PH00861,0,0.0,0.0,0.0,0.0,10.0
PH01193,PH03339,0,0.0,0.0,0.0,0.0,24.0
PH03481,PH00849,0,0.0,0.0,0.0,0.0,7.0
PH00434,PH00775,0,1.0,1.0,0.6213349345596119,0.2,1.0
PH01647,PH00236,0,0.0,0.0,0.0,0.0,9.0
PH02208,PH00943,0,0.0,0.0,0.0,0.0,6.0
PH04163,PH02371,0,0.0,0.0,0.0,0.0,9.0
PH00188,PH01426,0,0.0,0.0,0.0,0.0,15.0
PH03476,PH04475,0,1.0,0.25,0.7213475204444817,0.25,6.0
PH00294,PH03254,0,0.0,0.0,0.0,0.0,10.0
PH00383,PH00111,0,0.0,0.0,0.0,0.0,2.0
PH01025,PH03211,0,0.0,0.0,0.0,0.0,5.0
PH03836,PH02206,0,0.0,0.0,0.0,0.0,1.0
PH01113,PH04479,0,1.0,0.1111111111111111,0.5581106265512472,0.16666666666666666,25.0
PH02305,PH03574,0,0.0,0.0,0.0,0.0,4.0
PH02889,PH01289,0,0.0,0.0,0.0,0.0,24.0
PH03089,PH02172,0,0.0,0.0,0.0,0.0,3.0
PH01742,PH04127,0,0.0,0.0,0.0,0.0,15.0
PH04055,PH01308,0,1.0,0.2,0.7213475204444817,0.25,9.0
PH01177,PH01451,0,0.0,0.0,0.0,0.0,25.0
PH03846,PH03118,0,0.0,0.0,0.0,0.0,9.0
PH02066,PH02987,0,0.0,0.0,0.0,0.0,4.0
PH01264,PH01849,0,0.0,0.0,0.0,0.0,8.0
PH04096,PH02360,0,1.0,0.14285714285714285,0.48089834696298783,0.125,16.0
PH04401,PH03092,0,0.0,0.0,0.0,0.0,5.0
PH00790,PH04318,0,0.0,0.0,0.0,0.0,9.0
PH00769,PH03671,0,0.0,0.0,0.0,0.0,5.0
PH04391,PH00189,0,0.0,0.0,0.0,0.0,6.0
PH03363,PH04297,0,1.0,0.1111111111111111,0.7213475204444817,0.25,25.0
PH00786,PH01471,0,0.0,0.0,0.0,0.0,40.0
PH04500,PH01317,0,0.0,0.0,0.0,0.0,10.0
PH00040,PH03925,0,0.0,0.0,0.0,0.0,6.0
PH04123,PH03265,0,0.0,0.0,0.0,0.0,4.0
PH00744,PH02728,0,1.0,0.14285714285714285,0.6213349345596119,0.2,12.0
PH00125,PH02692,0,0.0,0.0,0.0,0.0,10.0
PH00195,PH04341,0,0.0,0.0,0.0,0.0,18.0
PH03026,PH03760,0,0.0,0.0,0.0,0.0,16.0
PH00479,PH03721,0,0.0,0.0,0.0,0.0,1.0
PH00932,PH01646,0,1.0,0.2,0.9102392266268373,0.3333333333333333,9.0
PH03811,PH04332,0,0.0,0.0,0.0,0.0,4.0
PH00672,PH03591,0,0.0,0.0,0.0,0.0,4.0
PH00071,PH03742,0,0.0,0.0,0.0,0.0,6.0
PH01165,PH02852,0,0.0,0.0,0.0,0.0,15.0
PH03574,PH00510,0,1.0,0.14285714285714285,0.6213349345596119,0.2,16.0
PH00426,PH01165,0,0.0,0.0,0.0,0.0,5.0
PH02753,PH02192,0,0.0,0.0,0.0,0.0,12.0
PH04101,PH03693,0,0.0,0.0,0.0,0.0,20.0
PH04309,PH03216,0,0.0,0.0,0.0,0.0,5.0
PH04036,PH01380,0,1.0,0.2,0.7213475204444817,0.25,8.0
PH03450,PH03075,0,0.0,0.0,0.0,0.0,12.0
PH00796,PH03608,0,0.0,0.0,0.0,0.0,10.0
PH02331,PH00211,0,0.0,0.0,0.0,0.0,4.0
PH04095,PH01203,0,0.0,0.0,0.0,0.0,21.0
PH00282,PH02291,0,1.0,0.2,0.5581106265512472,0.16666666666666666,5.0
PH02920,PH03219,0,0.0,0.0,0.0,0.0,10.0
PH00421,PH02993,0,0.0,0.0,0.0,0.0,15.0
PH02816,PH00848,0,0.0,0.0,0.0,0.0,32.0
PH04145,PH01690,0,0.0,0.0,0.0,0.0,2.0
PH02965,PH03140,0,1.0,0.25,0.6213349345596119,0.2,6.0
PH00867,PH01942,0,0.0,0.0,0.0,0.0,3.0
PH02406,PH00394,0,0.0,0.0,0.0,0.0,3.0
PH01551,PH00968,0,0.0,0.0,0.0,0.0,4.0
PH03415,PH02111,0,0.0,0.0,0.0,0.0,14.0
PH04185,PH00032,0,1.0,0.125,0.5581106265512472,0.16666666666666666,20.0
PH01505,PH03360,0,0.0,0.0,0.0,0.0,12.0
PH01458,PH01988,0,0.0,0.0,0.0,0.0,21.0
PH02424,PH00606,0,0.0,0.0,0.0,0.0,6.0
PH01794,PH02969,0,0.0,0.0,0.0,0.0,4.0
PH01507,PH01492,0,1.0,0.14285714285714285,0.7213475204444817,0.25,16.0
PH02816,PH03447,0,0.0,0.0,0.0,0.0,48.0
PH02310,PH00166,0,0.0,0.0,0.0,0.0,5.0
PH01386,PH04319,0,0.0,0.0,0.0,0.0,9.0
PH02488,PH04102,0,0.0,0.0,0.0,0.0,8.0
PH01198,PH02933,0,1.0,0.09090909090909091,0.9102392266268373,0.3333333333333333,36.0
PH03224,PH02308,0,0.0,0.0,0.0,0.0,8.0
PH03636,PH02376,0,0.0,0.0,0.0,0.0,24.0
PH03992,PH00793,0,0.0,0.0,0.0,0.0,6.0
PH00168,PH01910,0,0.0,0.0,0.0,0.0,24.0
PH01182,PH00851,0,1.0,0.2,1.4426950408889634,0.5,8.0
PH01558,PH03432,0,0.0,0.0,0.0,0.0,20.0
PH01874,PH00277,0,0.0,0.0,0.0,0.0,9.0
PH02261,PH01626,0,0.0,0.0,0.0,0.0,6.0
PH00871,PH02673,0,0.0,0.0,0.0,0.0,9.0
PH00134,PH01154,0,1.0,0.14285714285714285,0.9102392266268373,0.3333333333333333,16.0
PH01867,PH02682,0,0.0,0.0,0.0,0.0,8.0
PH00444,PH02552,0,0.0,0.0,0.0,0.0,5.0
PH01210,PH00730,0,0.0,0.0,0.0,0.0,12.0
PH03100,PH02236,0,0.0,0.0,0.0,0.0,9.0
PH04062,PH04482,0,1.0,0.25,0.6213349345596119,0.2,6.0
PH03488,PH00999,0,0.0,0.0,0.0,0.0,4.0
PH03855,PH00160,0,0.0,0.0,0.0,0.0,4.0
PH02025,PH00591,0,0.0,0.0,0.0,0.0,9.0
PH00504,PH02221,0,0.0,0.0,0.0,0.0,6.0
PH03297,PH01709,0,1.0,0.14285714285714285,0.5581106265512472,0.16666666666666666,16.0
PH02842,PH04161,0,0.0,0.0,0.0,0.0,4.0
PH01963,PH03402,0,0.0,0.0,0.0,0.0,16.0
PH00941,PH00742,0,0.0,0.0,0.0,0.0,8.0
PH00798,PH00390,0,0.0,0.0,0.0,0.0,45.0
PH00883,PH02783,0,1.0,0.25,0.6213349345596119,0.2,6.0
PH00072,PH02315,0,0.0,0.0,0.0,0.0,2.0
PH01321,PH00320,0,0.0,0.0,0.0,0.0,3.0
PH03060,PH00261,0,0.0,0.0,0.0,0.0,8.0
PH01296,PH01466,0,0.0,0.0,0.0,0.0,1.0
PH01247,PH02989,0,1.0,0.1111111111111111,0.6213349345596119,0.2,24.0
PH01962,PH03377,0,0.0,0.0,0.0,0.0,10.0
PH02196,PH04125,0,0.0,0.0,0.0,0.0,3.0
PH00691,PH03269,0,0.0,0.0,0.0,0.0,25.0
PH04466,PH03818,0,0.0,0.0,0.0,0.0,3.0
PH00643,PH01622,0,1.0,0.2,0.5581106265512472,0.16666666666666666,5.0
PH04120,PH02401,0,0.0,0.0,0.0,0.0,12.0
PH01705,PH04257,0,0.0,0.0,0.0,0.0,15.0
PH03714,PH03364,0,0.0,0.0,0.0,0.0,4.0
PH02201,PH02748,0,0.0,0.0,0.0,0.0,28.0
PH03636,PH02716,0,1.0,0.1,0.6213349345596119,0.2,28.0
PH03800,PH03958,0,0.0,0.0,0.0,0.0,12.0
PH00274,PH00130,0,0.0,0.0,0.0,0.0,9.0
PH03596,PH00500,0,0.0,0.0,0.0,0.0,4.0
PH03529,PH03753,0,0.0,0.0,0.0,0.0,12.0
PH01783,PH04234,0,1.0,0.1,0.7213475204444817,0.25,30.0
PH01511,PH03560,0,0.0,0.0,0.0,0.0,12.0
PH01469,PH00056,0,0.0,0.0,0.0,0.0,1.0
PH00614,PH01001,0,0.0,0.0,0.0,0.0,4.0
PH00626,PH02899,0,0.0,0.0,0.0,0.0,5.0
PH00138,PH01800,0,1.0,0.1111111111111111,0.9102392266268373,0.3333333333333333,25.0
PH00955,PH01132,0,0.0,0.0,0.0,0.0,30.0
PH01555,PH04318,0,0.0,0.0,0.0,0.0,9.0
PH00399,PH02864,0,0.0,0.0,0.0,0.0,4.0
PH04180,PH03274,0,0.0,0.0,0.0,0.0,3.0
PH00206,PH03990,0,1.0,0.09090909090909091,0.7213475204444817,0.25,36.0
PH03017,PH01644,0,0.0,0.0,0.0,0.0,5.0
PH03282,PH00205,0,0.0,0.0,0.0,0.0,5.0
PH04208,PH01178,0,0.0,0.0,0.0,0.0,16.0
PH03731,PH01519,0,0.0,0.0,0.0,0.0,12.0
PH00064,PH03402,0,1.0,0.09090909090909091,1.4426950408889634,0.5,32.0
PH00014,PH04316,0,0.0,0.0,0.0,0.0,16.0
PH02707,PH03883,0,0.0,0.0,0.0,0.0,8.0
PH03595,PH00670,0,0.0,0.0,0.0,0.0,9.0
PH00476,PH00650,0,0.0,0.0,0.0,0.0,18.0
PH03239,PH01460,0,1.0,0.2,0.7213475204444817,0.25,9.0
PH02871,PH03247,0,0.0,0.0,0.0,0.0,12.0
PH02947,PH02828,0,0.0,0.0,0.0,0.0,2.0
PH00770,PH04129,0,0.0,0.0,0.0,0.0,3.0
PH04057,PH00802,0,0.0,0.0,0.0,0.0,5.0
PH00499,PH04056,0,1.0,0.1,1.4426950408889634,0.5,28.0
PH03500,PH03273,0,0.0,0.0,0.0,0.0,8.0
PH04295,PH01733,0,0.0,0.0,0.0,0.0,9.0
PH01541,PH00672,0,0.0,0.0,0.0,0.0,2.0
PH01903,PH02957,0,0.0,0.0,0.0,0.0,4.0
PH03478,PH02437,0,1.0,0.1,0.6213349345596119,0.2,30.0
PH01429,PH01807,0,0.0,0.0,0.0,0.0,2.0
PH03204,PH04008,0,0.0,0.0,0.0,0.0,12.0
PH01977,PH03666,0,0.0,0.0,0.0,0.0,16.0
PH00454,PH04077,0,0.0,0.0,0.0,0.0,12.0
PH03327,PH04212,0,1.0,0.1111111111111111,0.5581106265512472,0.16666666666666666,21.0
PH02735,PH01776,0,0.0,0.0,0.0,0.0,8.0
PH04000,PH00557,0,0.0,0.0,0.0,0.0,4.0
PH03919,PH03253,0,0.0,0.0,0.0,0.0,6.0
PH04465,PH04218,0,0.0,0.0,0.0,0.0,4.0
PH01158,PH03588,0,1.0,0.1,0.5138983423697507,0.14285714285714285,30.0
PH03069,PH00413,0,0.0,0.0,0.0,0.0,25.0
PH00753,PH04117,0,0.0,0.0,0.0,0.0,9.0
PH01244,PH03625,0,0.0,0.0,0.0,0.0,4.0
PH03684,PH02173,0,0.0,0.0,0.0,0.0,15.0
PH03343,PH01618,0,1.0,0.16666666666666666,0.5138983423697507,0.14285714285714285,12.0
PH03243,PH00125,0,0.0,0.0,0.0,0.0,8.0
PH01873,PH02889,0,0.0,0.0,0.0,0.0,12.0
PH00206,PH03230,0,0.0,0.0,0.0,0.0,12.0
PH00630,PH03377,0,0.0,0.0,0.0,0.0,6.0
PH04059,PH00373,0,1.0,0.125,0.6213349345596119,0.2,14.0
PH03285,PH04268,0,0.0,0.0,0.0,0.0,3.0
PH03350,PH00520,0,0.0,0.0,0.0,0.0,9.0
PH02626,PH04240,0,0.0,0.0,0.0,0.0,3.0
PH02027,PH00377,0,0.0,0.0,0.0,0.0,12.0
PH00584,PH02425,0,1.0,0.2,0.6213349345596119,0.2,8.0
PH04163,PH02977,0,0.0,0.0,0.0,0.0,12.0
PH01642,PH02048,0,0.0,0.0,0.0,0.0,8.0
PH02138,PH04449,0,0.0,0.0,0.0,0.0,1.0
PH01117,PH04055,0,0.0,0.0,0.0,0.0,9.0
PH00076,PH01563,0,1.0,0.5,0.5581106265512472,0.16666666666666666,2.0
PH02949,PH02784,0,0.0,0.0,0.0,0.0,4.0
PH02051,PH04372,0,0.0,0.0,0.0,0.0,16.0
PH01215,PH01160,0,0.0,0.0,0.0,0.0,6.0
PH01647,PH03346,0,0.0,0.0,0.0,0.0,3.0
PH03053,PH02378,0,1.0,0.14285714285714285,0.6213349345596119,0.2,15.0
PH04475,PH04383,0,0.0,0.0,0.0,0.0,6.0
PH00071,PH03166,0,0.0,0.0,0.0,0.0,21.0
PH02049,PH03316,0,0.0,0.0,0.0,0.0,12.0
PH03836,PH02032,0,0.0,0.0,0.0,0.0,2.0
PH04495,PH03023,0,1.0,0.125,0.6213349345596119,0.2,20.0
PH00400,PH02182,0,0.0,0.0,0.0,0.0,25.0
PH02174,PH01005,0,0.0,0.0,0.0,0.0,24.0
PH01661,PH02853,0,0.0,0.0,0.0,0.0,15.0
PH03429,PH01392,0,0.0,0.0,0.0,0.0,6.0
PH02454,PH01491,0,1.0,0.125,1.4426950408889634,0.5,14.0
PH00241,PH01561,0,0.0,0.0,0.0,0.0,21.0
PH00833,PH04293,0,0.0,0.0,0.0,0.0,14.0
PH00746,PH03860,0,0.0,0.0,0.0,0.0,3.0
PH02068,PH00439,0,0.0,0.0,0.0,0.0,12.0
PH03441,PH03215,0,1.0,0.16666666666666666,0.6213349345596119,0.2,10.0
PH02623,PH01231,0,0.0,0.0,0.0,0.0,6.0
PH02282,PH01010,0,0.0,0.0,0.0,0.0,6.0
PH02104,PH02120,0,0.0,0.0,0.0,0.0,15.0
PH01871,PH03833,0,0.0,0.0,0.0,0.0,12.0
PH01586,PH01494,0,1.0,0.2,0.6213349345596119,0.2,9.0
PH00279,PH01795,0,0.0,0.0,0.0,0.0,3.0
PH01642,PH03413,0,0.0,0.0,0.0,0.0,2.0
PH00072,PH00550,0,0.0,0.0,0.0,0.0,1.0
PH03669,PH04243,0,0.0,0.0,0.0,0.0,12.0
PH02751,PH00789,0,1.0,0.2,0.7213475204444817,0.25,8.0
PH02942,PH00977,0,0.0,0.0,0.0,0.0,8.0
PH02475,PH00194,0,0.0,0.0,0.0,0.0,20.0
PH00706,PH00755,0,0.0,0.0,0.0,0.0,2.0
PH01313,PH01781,0,0.0,0.0,0.0,0.0,1.0
PH03534,PH03487,0,1.0,0.14285714285714285,0.5581106265512472,0.16666666666666666,15.0
PH04131,PH03956,0,0.0,0.0,0.0,0.0,21.0
PH04063,PH01746,0,0.0,0.0,0.0,0.0,8.0
PH02729,PH03509,0,0.0,0.0,0.0,0.0,12.0
PH04096,PH00333,0,0.0,0.0,0.0,0.0,8.0
PH04120,PH02272,0,1.0,0.2,0.7213475204444817,0.25,8.0
PH00406,PH02125,0,0.0,0.0,0.0,0.0,1.0
PH03714,PH01165,0,0.0,0.0,0.0,0.0,5.0
PH04455,PH02185,0,0.0,0.0,0.0,0.0,1.0
PH01347,PH01355,0,0.0,0.0,0.0,0.0,12.0
PH02034,PH01446,0,1.0,0.16666666666666666,0.6213349345596119,0.2,12.0
PH02734,PH02149,0,0.0,0.0,0.0,0.0,14.0
PH03974,PH02858,0,0.0,0.0,0.0,0.0,20.0
PH03565,PH02106,0,0.0,0.0,0.0,0.0,4.0
PH00043,PH01384,0,0.0,0.0,0.0,0.0,12.0
PH00875,PH04224,0,1.0,0.125,0.5581106265512472,0.16666666666666666,20.0
PH04176,PH00969,0,0.0,0.0,0.0,0.0,6.0
PH02214,PH00986,0,0.0,0.0,0.0,0.0,6.0
PH02939,PH00543,0,0.0,0.0,0.0,0.0,4.0
PH02994,PH02858,0,0.0,0.0,0.0,0.0,10.0
PH00961,PH03122,0,1.0,0.3333333333333333,0.7213475204444817,0.25,4.0
PH00858,PH00716,0,0.0,0.0,0.0,0.0,3.0
PH02016,PH01405,0,0.0,0.0,0.0,0.0,2.0
PH03812,PH00216,0,0.0,0.0,0.0,0.0,4.0
PH02222,PH03300,0,0.0,0.0,0.0,0.0,10.0
PH03769,PH02513,0,1.0,0.125,0.5581106265512472,0.16666666666666666,20.0
PH02324,PH00510,0,0.0,0.0,0.0,0.0,8.0
PH03205,PH03062,0,0.0,0.0,0.0,0.0,12.0
PH03415,PH01753,0,0.0,0.0,0.0,0.0,4.0
PH00394,PH00855,0,0.0,0.0,0.0,0.0,1.0
PH02358,PH03661,0,1.0,1.0,0.6213349345596119,0.2,1.0
PH00851,PH03944,0,0.0,0.0,0.0,0.0,4.0
PH01011,PH03127,0,0.0,0.0,0.0,0.0,3.0
PH02308,PH04182,0,0.0,0.0,0.0,0.0,4.0
PH02626,PH01467,0,0.0,0.0,0.0,0.0,3.0
PH01794,PH03494,0,1.0,0.125,0.48089834696298783,0.125,20.0
PH01397,PH00337,0,0.0,0.0,0.0,0.0,12.0
PH00666,PH03546,0,0.0,0.0,0.0,0.0,4.0
PH02282,PH00078,0,0.0,0.0,0.0,0.0,12.0
PH03896,PH01755,0,0.0,0.0,0.0,0.0,20.0
PH00587,PH01597,0,1.0,0.125,0.9102392266268373,0.3333333333333333,20.0
PH00210,PH01708,0,0.0,0.0,0.0,0.0,16.0
PH03394,PH02567,0,0.0,0.0,0.0,0.0,6.0
PH02541,PH02688,0,0.0,0.0,0.0,0.0,12.0
PH01227,PH03401,0,0.0,0.0,0.0,0.0,3.0
PH02676,PH00089,0,1.0,0.09090909090909091,0.6213349345596119,0.2,35.0
PH02090,PH02628,0,0.0,0.0,0.0,0.0,24.0
PH01628,PH01402,0,0.0,0.0,0.0,0.0,8.0
PH00323,PH00669,0,0.0,0.0,0.0,0.0,6.0
PH01890,PH00940,0,0.0,0.0,0.0,0.0,3.0
PH00870,PH01676,0,1.0,0.125,0.45511961331341866,0.1111111111111111,20.0
PH00822,PH00944,0,0.0,0.0,0.0,0.0,12.0
PH04301,PH00276,0,0.0,0.0,0.0,0.0,16.0
PH00225,PH04438,0,0.0,0.0,0.0,0.0,10.0
PH01168,PH04262,0,0.0,0.0,0.0,0.0,2.0
PH02151,PH03831,0,1.0,0.07142857142857142,0.7213475204444817,0.25,50.0
PH03410,PH03191,0,0.0,0.0,0.0,0.0,8.0
PH00856,PH01142,0,0.0,0.0,0.0,0.0,3.0
PH01610,PH00006,0,0.0,0.0,0.0,0.0,2.0
PH03791,PH03328,0,0.0,0.0,0.0,0.0,9.0
PH04427,PH03818,0,1.0,0.16666666666666666,0.6213349345596119,0.2,6.0
PH02703,PH00574,0,0.0,0.0,0.0,0.0,2.0
PH01363,PH01500,0,0.0,0.0,0.0,0.0,6.0
PH02120,PH02571,0,0.0,0.0,0.0,0.0,10.0
PH00516,PH03667,0,0.0,0.0,0.0,0.0,6.0
PH02034,PH01451,0,1.0,0.125,0.6213349345596119,0.2,20.0
PH00117,PH02770,0,0.0,0.0,0.0,0.0,24.0
PH02234,PH03438,0,0.0,0.0,0.0,0.0,6.0
PH04225,PH01516,0,0.0,0.0,0.0,0.0,1.0
PH00342,PH02876,0,0.0,0.0,0.0,0.0,2.0
PH03594,PH00023,0,1.0,0.1111111111111111,0.5581106265512472,0.16666666666666666,25.0
PH02869,PH01390,0,0.0,0.0,0.0,0.0,15.0
PH01695,PH03155,0,0.0,0.0,0.0,0.0,20.0
PH03519,PH02142,0,0.0,0.0,0.0,0.0,9.0
PH00249,PH01782,0,0.0,0.0,0.0,0.0,2.0
PH03089,PH00268,0,1.0,0.14285714285714285,0.6213349345596119,0.2,15.0
PH02407,PH02627,0,0.0,0.0,0.0,0.0,3.0
PH01456,PH01050,0,0.0,0.0,0.0,0.0,4.0
PH04483,PH04072,0,0.0,0.0,0.0,0.0,6.0
PH03705,PH02030,0,0.0,0.0,0.0,0.0,9.0
PH01380,PH02183,0,1.0,0.125,0.7213475204444817,0.25,20.0
PH00348,PH00855,0,0.0,0.0,0.0,0.0,3.0
PH02527,PH02459,0,0.0,0.0,0.0,0.0,4.0
PH01938,PH03232,0,0.0,0.0,0.0,0.0,4.0
PH00125,PH02884,0,0.0,0.0,0.0,0.0,8.0
PH03409,PH03169,0,1.0,0.125,1.4426950408889634,0.5,14.0
PH02000,PH02424,0,0.0,0.0,0.0,0.0,6.0
PH03177,PH03655,0,0.0,0.0,0.0,0.0,4.0
PH04494,PH02680,0,0.0,0.0,0.0,0.0,30.0
PH00828,PH02492,0,0.0,0.0,0.0,0.0,8.0
PH01388,PH03081,0,1.0,0.125,0.9102392266268373,0.3333333333333333,20.0
PH01194,PH02112,0,0.0,0.0,0.0,0.0,2.0
PH00788,PH00551,0,0.0,0.0,0.0,0.0,10.0
PH01443,PH00496,0,0.0,0.0,0.0,0.0,3.0
PH01899,PH03132,0,0.0,0.0,0.0,0.0,8.0
PH01221,PH02895,0,1.0,0.08333333333333333,0.9102392266268373,0.3333333333333333,40.0
PH02285,PH00241,0,0.0,0.0,0.0,0.0,21.0
PH03561,PH01397,0,0.0,0.0,0.0,0.0,3.0
PH00809,PH04065,0,0.0,0.0,0.0,0.0,25.0
PH04179,PH02370,0,0.0,0.0,0.0,0.0,3.0
PH01889,PH04108,0,1.0,0.2,0.9102392266268373,0.3333333333333333,9.0
PH00612,PH03775,0,0.0,0.0,0.0,0.0,6.0
PH01050,PH03579,0,0.0,0.0,0.0,0.0,20.0
PH00047,PH00477,0,0.0,0.0,0.0,0.0,16.0
PH00046,PH00752,0,0.0,0.0,0.0,0.0,6.0
PH02913,PH03424,0,1.0,0.25,0.5581106265512472,0.16666666666666666,4.0
PH02856,PH00820,0,0.0,0.0,0.0,0.0,20.0
PH03881,PH03643,0,0.0,0.0,0.0,0.0,4.0
PH01021,PH02102,0,0.0,0.0,0.0,0.0,16.0
PH03986,PH00974,0,0.0,0.0,0.0,0.0,2.0
PH00215,PH01184,0,1.0,0.08333333333333333,0.5581106265512472,0.16666666666666666,40.0
PH04396,PH03504,0,0.0,0.0,0.0,0.0,12.0
PH03687,PH03420,0,0.0,0.0,0.0,0.0,2.0
PH03000,PH00064,0,0.0,0.0,0.0,0.0,16.0
PH02261,PH03841,0,0.0,0.0,0.0,0.0,6.0
PH04400,PH03627,0,1.0,0.16666666666666666,0.5581106265512472,0.16666666666666666,6.0
PH02849,PH04447,0,0.0,0.0,0.0,0.0,4.0
PH00588,PH01696,0,0.0,0.0,0.0,0.0,15.0
PH01082,PH00248,0,0.0,0.0,0.0,0.0,6.0
PH03404,PH01333,0,0.0,0.0,0.0,0.0,2.0
PH02075,PH00436,0,1.0,0.14285714285714285,0.6213349345596119,0.2,15.0
PH03293,PH02952,0,0.0,0.0,0.0,0.0,6.0
PH04262,PH01982,0,0.0,0.0,0.0,0.0,4.0
PH02124,PH02139,0,0.0,0.0,0.0,0.0,16.0
PH00735,PH01137,0,0.0,0.0,0.0,0.0,4.0
PH01763,PH00219,0,1.0,0.125,0.6213349345596119,0.2,18.0
PH03498,PH03572,0,0.0,0.0,0.0,0.0,12.0
PH04032,PH01514,0,0.0,0.0,0.0,0.0,6.0
PH04112,PH01421,0,0.0,0.0,0.0,0.0,16.0
PH02197,PH00947,0,0.0,0.0,0.0,0.0,10.0
PH01946,PH02335,0,1.0,0.08333333333333333,1.4426950408889634,0.5,42.0
PH01407,PH00359,0,0.0,0.0,0.0,0.0,4.0
PH03906,PH03418,0,0.0,0.0,0.0,0.0,16.0
PH03040,PH04495,0,0.0,0.0,0.0,0.0,10.0
PH00840,PH03232,0,0.0,0.0,0.0,0.0,4.0
PH02024,PH00529,0,1.0,0.125,0.9102392266268373,0.3333333333333333,18.0
PH02440,PH00775,0,0.0,0.0,0.0,0.0,2.0
PH00771,PH02459,0,0.0,0.0,0.0,0.0,8.0
PH04062,PH04131,0,0.0,0.0,0.0,0.0,21.0
PH00713,PH02101,0,0.0,0.0,0.0,0.0,2.0
PH03732,PH04031,0,1.0,0.25,0.5138983423697507,0.14285714285714285,6.0
PH00818,PH00272,0,0.0,0.0,0.0,0.0,9.0
PH00864,PH00167,0,0.0,0.0,0.0,0.0,2.0
PH01416,PH00492,0,0.0,0.0,0.0,0.0,6.0
PH00981,PH00258,0,0.0,0.0,0.0,0.0,6.0
PH04069,PH03194,0,1.0,0.14285714285714285,0.7213475204444817,0.25,16.0
PH00846,PH02964,0,0.0,0.0,0.0,0.0,12.0
PH00708,PH03697,0,0.0,0.0,0.0,0.0,6.0
PH02070,PH02104,0,0.0,0.0,0.0,0.0,6.0
PH00869,PH03316,0,0.0,0.0,0.0,0.0,10.0
PH00709,PH00380,0,1.0,0.14285714285714285,0.7213475204444817,0.25,15.0
PH00212,PH00564,0,0.0,0.0,0.0,0.0,3.0
PH02786,PH03237,0,0.0,0.0,0.0,0.0,16.0
PH00267,PH01677,0,0.0,0.0,0.0,0.0,12.0
PH01926,PH02680,0,0.0,0.0,0.0,0.0,12.0
PH00215,PH01175,0,1.0,0.1111111111111111,0.5581106265512472,0.16666666666666666,16.0
PH04138,PH02361,0,0.0,0.0,0.0,0.0,35.0
PH02841,PH04279,0,0.0,0.0,0.0,0.0,10.0
PH02184,PH00191,0,0.0,0.0,0.0,0.0,5.0
PH01195,PH01810,0,0.0,0.0,0.0,0.0,2.0
PH02237,PH02583,0,1.0,0.1,0.5581106265512472,0.16666666666666666,28.0
PH04327,PH02643,0,0.0,0.0,0.0,0.0,40.0
PH03341,PH02627,0,0.0,0.0,0.0,0.0,3.0
PH01172,PH02714,0,0.0,0.0,0.0,0.0,1.0
PH03470,PH00889,0,0.0,0.0,0.0,0.0,4.0
PH00058,PH01943,0,1.0,0.2,0.7213475204444817,0.25,9.0
PH01211,PH04094,0,0.0,0.0,0.0,0.0,4.0
PH01848,PH01165,0,0.0,0.0,0.0,0.0,20.0
PH04318,PH03464,0,0.0,0.0,0.0,0.0,6.0
PH00735,PH03730,0,0.0,0.0,0.0,0.0,12.0
PH01930,PH04026,0,1.0,0.25,0.6213349345596119,0.2,6.0
PH01084,PH02325,0,0.0,0.0,0.0,0.0,9.0
PH01868,PH02303,0,0.0,0.0,0.0,0.0,15.0
PH01059,PH03542,0,0.0,0.0,0.0,0.0,8.0
PH02434,PH00884,0,0.0,0.0,0.0,0.0,20.0
PH04060,PH03460,0,1.0,0.1,0.5581106265512472,0.16666666666666666,28.0
PH03930,PH02096,0,0.0,0.0,0.0,0.0,8.0
PH02588,PH02407,0,0.0,0.0,0.0,0.0,1.0
PH01156,PH04146,0,0.0,0.0,0.0,0.0,8.0
PH04191,PH01606,0,0.0,0.0,0.0,0.0,3.0
PH02494,PH01774,0,1.0,0.14285714285714285,0.9102392266268373,0.3333333333333333,7.0
PH02273,PH00777,0,0.0,0.0,0.0,0.0,6.0
PH01049,PH00694,0,0.0,0.0,0.0,0.0,21.0
PH04357,PH02002,0,0.0,0.0,0.0,0.0,6.0
PH03180,PH00065,0,0.0,0.0,0.0,0.0,20.0
PH02114,PH00218,0,1.0,0.16666666666666666,1.4426950408889634,0.5,10.0
PH04315,PH00564,0,0.0,0.0,0.0,0.0,3.0
PH02766,PH01367,0,0.0,0.0,0.0,0.0,3.0
PH03592,PH01741,0,0.0,0.0,0.0,0.0,12.0
PH03260,PH03390,0,0.0,0.0,0.0,0.0,10.0
PH01983,PH04328,0,1.0,0.25,0.5581106265512472,0.16666666666666666,6.0
PH02622,PH01899,0,0.0,0.0,0.0,0.0,2.0
PH02650,PH03416,0,0.0,0.0,0.0,0.0,2.0
PH00756,PH03851,0,0.0,0.0,0.0,0.0,10.0
PH00209,PH00520,0,0.0,0.0,0.0,0.0,6.0
PH01248,PH03595,0,1.0,0.125,0.7213475204444817,0.25,18.0
PH02480,PH03665,0,0.0,0.0,0.0,0.0,30.0
PH00126,PH03206,0,0.0,0.0,0.0,0.0,6.0
PH01839,PH03499,0,0.0,0.0,0.0,0.0,6.0
PH02250,PH01932,0,0.0,0.0,0.0,0.0,9.0
PH01043,PH01878,0,1.0,0.16666666666666666,0.7213475204444817,0.25,12.0
PH03521,PH01036,0,0.0,0.0,0.0,0.0,36.0
PH00659,PH03584,0,0.0,0.0,0.0,0.0,15.0
PH00426,PH01336,0,0.0,0.0,0.0,0.0,2.0
PH01624,PH01207,0,0.0,0.0,0.0,0.0,4.0
PH01262,PH04035,0,1.0,0.2,0.6213349345596119,0.2,9.0
PH02155,PH03516,0,0.0,0.0,0.0,0.0,6.0
PH02556,PH03522,0,0.0,0.0,0.0,0.0,15.0
PH01395,PH03184,0,0.0,0.0,0.0,0.0,10.0
PH02749,PH01424,0,0.0,0.0,0.0,0.0,4.0
PH02226,PH03711,0,1.0,0.1111111111111111,0.6213349345596119,0.2,25.0
PH02616,PH00279,0,0.0,0.0,0.0,0.0,2.0
PH01590,PH01273,0,0.0,0.0,0.0,0.0,9.0
PH00009,PH03605,0,0.0,0.0,0.0,0.0,9.0
PH04412,PH03525,0,0.0,0.0,0.0,0.0,8.0
PH02480,PH03519,0,1.0,0.14285714285714285,0.5581106265512472,0.16666666666666666,15.0
PH02383,PH03246,0,0.0,0.0,0.0,0.0,3.0
PH01933,PH00343,0,0.0,0.0,0.0,0.0,1.0
PH01174,PH04474,0,0.0,0.0,0.0,0.0,4.0
PH01603,PH02562,0,0.0,0.0,0.0,0.0,9.0
PH00031,PH01210,0,1.0,0.2,0.5581106265512472,0.16666666666666666,9.0
PH01666,PH01730,0,0.0,0.0,0.0,0.0,15.0
PH01813,PH03648,0,0.0,0.0,0.0,0.0,4.0
PH03476,PH03701,0,0.0,0.0,0.0,0.0,6.0
PH02368,PH00773,0,0.0,0.0,0.0,0.0,12.0
PH03521,PH00254,0,1.0,0.16666666666666666,0.5581106265512472,0.16666666666666666,12.0
PH01929,PH01913,0,0.0,0.0,0.0,0.0,9.0
PH00580,PH02839,0,0.0,0.0,0.0,0.0,32.0
PH03354,PH01176,0,0.0,0.0,0.0,0.0,15.0
PH02697,PH03271,0,0.0,0.0,0.0,0.0,10.0
PH02489,PH02747,0,1.0,0.1111111111111111,0.7213475204444817,0.25,21.0
PH00076,PH00147,0,0.0,0.0,0.0,0.0,2.0
PH01723,PH02493,0,0.0,0.0,0.0,0.0,16.0
PH04138,PH03267,0,0.0,0.0,0.0,0.0,28.0
PH04085,PH01707,0,0.0,0.0,0.0,0.0,20.0
PH03967,PH03493,0,1.0,0.1111111111111111,0.5138983423697507,0.14285714285714285,24.0
PH00465,PH02654,0,0.0,0.0,0.0,0.0,15.0
PH02675,PH01439,0,0.0,0.0,0.0,0.0,6.0
PH02151,PH01677,0,0.0,0.0,0.0,0.0,15.0
PH01935,PH01254,0,0.0,0.0,0.0,0.0,8.0
PH04287,PH01230,0,1.0,0.2,0.6213349345596119,0.2,8.0
PH00940,PH01746,0,0.0,0.0,0.0,0.0,4.0
PH02272,PH01125,0,0.0,0.0,0.0,0.0,2.0
PH02369,PH00627,0,0.0,0.0,0.0,0.0,6.0
PH00164,PH02912,0,0.0,0.0,0.0,0.0,12.0
PH02465,PH00740,0,1.0,0.1111111111111111,0.9102392266268373,0.3333333333333333,25.0
PH00849,PH01240,0,0.0,0.0,0.0,0.0,14.0
PH02104,PH02358,0,0.0,0.0,0.0,0.0,3.0
PH03521,PH02900,0,0.0,0.0,0.0,0.0,12.0
PH02250,PH01519,0,0.0,0.0,0.0,0.0,12.0
PH01843,PH02515,0,1.0,0.25,0.9102392266268373,0.3333333333333333,6.0
PH00703,PH03572,0,0.0,0.0,0.0,0.0,12.0
PH00283,PH03199,0,0.0,0.0,0.0,0.0,8.0
PH00795,PH03842,0,0.0,0.0,0.0,0.0,5.0
PH00794,PH02490,0,0.0,0.0,0.0,0.0,20.0
PH00650,PH01295,0,1.0,0.125,0.5581106265512472,0.16666666666666666,18.0
PH02822,PH01912,0,0.0,0.0,0.0,0.0,12.0
PH01349,PH00749,0,0.0,0.0,0.0,0.0,3.0
PH02107,PH02387,0,0.0,0.0,0.0,0.0,30.0
PH02349,PH01619,0,0.0,0.0,0.0,0.0,12.0
PH03368,PH04118,0,1.0,0.25,0.48089834696298783,0.125,4.0
PH03030,PH02122,0,0.0,0.0,0.0,0.0,9.0
PH02617,PH00995,0,0.0,0.0,0.0,0.0,14.0
PH00030,PH03425,0,0.0,0.0,0.0,0.0,36.0
PH00088,PH03853,0,0.0,0.0,0.0,0.0,4.0
PH04059,PH01063,0,1.0,0.08333333333333333,0.5581106265512472,0.16666666666666666,42.0
PH03201,PH00093,0,0.0,0.0,0.0,0.0,10.0
PH00281,PH01276,0,0.0,0.0,0.0,0.0,10.0
PH02576,PH02672,0,0.0,0.0,0.0,0.0,20.0
PH03579,PH03331,0,0.0,0.0,0.0,0.0,10.0
PH03985,PH00901,0,1.0,0.2,0.9102392266268373,0.3333333333333333,5.0
PH00127,PH00714,0,0.0,0.0,0.0,0.0,20.0
PH02378,PH03561,0,0.0,0.0,0.0,0.0,5.0
PH01841,PH04457,0,0.0,0.0,0.0,0.0,3.0
PH01170,PH04347,0,0.0,0.0,0.0,0.0,25.0
PH03039,PH03328,0,1.0,0.125,1.4426950408889634,0.5,18.0
PH01544,PH01002,0,0.0,0.0,0.0,0.0,4.0
PH00672,PH02841,0,0.0,0.0,0.0,0.0,10.0
PH04408,PH00798,0,0.0,0.0,0.0,0.0,20.0
PH00227,PH01142,0,0.0,0.0,0.0,0.0,9.0
PH01577,PH01346,0,1.0,0.25,0.9102392266268373,0.3333333333333333,6.0
PH01892,PH00260,0,0.0,0.0,0.0,0.0,6.0
PH02382,PH00991,0,0.0,0.0,0.0,0.0,2.0
PH01307,PH00544,0,0.0,0.0,0.0,0.0,10.0
PH00487,PH01794,0,0.0,0.0,0.0,0.0,8.0
PH02173,PH01737,0,1.0,0.3333333333333333,0.48089834696298783,0.125,3.0
PH03449,PH03626,0,0.0,0.0,0.0,0.0,8.0
PH01429,PH02035,0,0.0,0.0,0.0,0.0,1.0
PH02954,PH03707,0,0.0,0.0,0.0,0.0,9.0
PH02432,PH01677,0,0.0,0.0,0.0,0.0,12.0
PH00201,PH00407,0,1.0,0.08333333333333333,0.7213475204444817,0.25,42.0
PH02138,PH02660,0,0.0,0.0,0.0,0.0,2.0
PH01314,PH01537,0,0.0,0.0,0.0,0.0,10.0
PH00201,PH01134,0,0.0,0.0,0.0,0.0,12.0
PH04066,PH01156,0,0.0,0.0,0.0,0.0,8.0
PH04132,PH00597,0,1.0,0.16666666666666666,0.9102392266268373,0.3333333333333333,6.0
PH03830,PH03009,0,0.0,0.0,0.0,0.0,4.0
PH01938,PH02834,0,0.0,0.0,0.0,0.0,24.0
PH04043,PH02689,0,0.0,0.0,0.0,0.0,6.0
PH03031,PH03062,0,0.0,0.0,0.0,0.0,20.0
PH03420,PH01662,0,1.0,0.25,0.7213475204444817,0.25,6.0
PH01312,PH02789,0,0.0,0.0,0.0,0.0,2.0
PH01037,PH02191,0,0.0,0.0,0.0,0.0,14.0
PH03275,PH02265,0,0.0,0.0,0.0,0.0,16.0
PH01480,PH01340,0,0.0,0.0,0.0,0.0,30.0
PH00725,PH03425,0,1.0,0.125,0.5138983423697507,0.14285714285714285,18.0
PH03585,PH02800,0,0.0,0.0,0.0,0.0,9.0
PH04428,PH01571,0,0.0,0.0,0.0,0.0,9.0
PH00118,PH04177,0,0.0,0.0,0.0,0.0,24.0
PH01521,PH02409,0,0.0,0.0,0.0,0.0,6.0
PH01179,PH01126,0,1.0,0.14285714285714285,0.7213475204444817,0.25,15.0
PH02492,PH03996,0,0.0,0.0,0.0,0.0,4.0
PH00267,PH01649,0,0.0,0.0,0.0,0.0,16.0
PH03691,PH00873,0,0.0,0.0,0.0,0.0,9.0
PH00755,PH02407,0,0.0,0.0,0.0,0.0,2.0
PH01052,PH04467,0,1.0,0.09090909090909091,1.4426950408889634,0.5,36.0
PH00792,PH01036,0,0.0,0.0,0.0,0.0,27.0
PH00333,PH03795,0,0.0,0.0,0.0,0.0,10.0
PH03388,PH01851,0,0.0,0.0,0.0,0.0,3.0
PH03849,PH03586,0,0.0,0.0,0.0,0.0,12.0
PH01445,PH00154,0,1.0,0.125,0.7213475204444817,0.25,20.0
PH00659,PH02663,0,0.0,0.0,0.0,0.0,20.0
PH02283,PH00458,0,0.0,0.0,0.0,0.0,3.0
PH00500,PH02737,0,0.0,0.0,0.0,0.0,6.0
PH01931,PH03826,0,0.0,0.0,0.0,0.0,12.0
PH01692,PH02946,0,1.0,0.1111111111111111,0.7213475204444817,0.25,21.0
PH02275,PH00921,0,0.0,0.0,0.0,0.0,15.0
PH02433,PH04041,0,0.0,0.0,0.0,0.0,2.0
PH04052,PH02093,0,0.0,0.0,0.0,0.0,12.0
PH02354,PH02033,0,0.0,0.0,0.0,0.0,16.0
PH04049,PH00282,0,1.0,0.1,0.7213475204444817,0.25,30.0
PH00218,PH03360,0,0.0,0.0,0.0,0.0,20.0
PH00948,PH02643,0,0.0,0.0,0.0,0.0,32.0
PH02969,PH03116,0,0.0,0.0,0.0,0.0,1.0
PH00481,PH04002,0,0.0,0.0,0.0,0.0,8.0
PH04226,PH01865,0,1.0,0.25,0.48089834696298783,0.125,6.0
PH02894,PH01560,0,0.0,0.0,0.0,0.0,15.0
PH01422,PH00772,0,0.0,0.0,0.0,0.0,4.0
PH03834,PH04362,0,0.0,0.0,0.0,0.0,2.0
PH00976,PH01938,0,0.0,0.0,0.0,0.0,4.0
PH01245,PH01005,0,1.0,0.16666666666666666,0.5138983423697507,0.14285714285714285,12.0
PH00797,PH02012,0,0.0,0.0,0.0,0.0,5.0
PH01815,PH01784,0,0.0,0.0,0.0,0.0,8.0
PH00938,PH01868,0,0.0,0.0,0.0,0.0,15.0
PH02037,PH03284,0,0.0,0.0,0.0,0.0,12.0
PH03558,PH04347,0,1.0,0.09090909090909091,0.9102392266268373,0.3333333333333333,35.0
PH01590,PH03539,0,0.0,0.0,0.0,0.0,15.0
PH01638,PH00257,0,0.0,0.0,0.0,0.0,3.0
PH02301,PH00685,0,0.0,0.0,0.0,0.0,18.0
PH01069,PH00756,0,0.0,0.0,0.0,0.0,10.0
PH02895,PH04000,0,1.0,0.09090909090909091,0.5581106265512472,0.16666666666666666,32.0
PH00917,PH01535,0,0.0,0.0,0.0,0.0,6.0
PH01002,PH02978,0,0.0,0.0,0.0,0.0,6.0
PH00921,PH04406,0,0.0,0.0,0.0,0.0,6.0
PH02490,PH00186,0,0.0,0.0,0.0,0.0,8.0
PH02231,PH00292,0,1.0,0.16666666666666666,0.6213349345596119,0.2,12.0
PH02058,PH00588,0,0.0,0.0,0.0,0.0,15.0
PH03821,PH04115,0,0.0,0.0,0.0,0.0,24.0
PH00573,PH00155,0,0.0,0.0,0.0,0.0,8.0
PH03541,PH01794,0,0.0,0.0,0.0,0.0,4.0
PH04060,PH02940,0,1.0,0.125,0.6213349345596119,0.2,14.0
PH03390,PH00935,0,0.0,0.0,0.0,0.0,6.0
PH00936,PH00168,0,0.0,0.0,0.0,0.0,24.0
PH03013,PH03857,0,0.0,0.0,0.0,0.0,8.0
PH03346,PH00023,0,0.0,0.0,0.0,0.0,5.0
PH01263,PH00948,0,1.0,0.14285714285714285,0.9102392266268373,0.3333333333333333,16.0
PH01884,PH00135,0,0.0,0.0,0.0,0.0,12.0
PH01615,PH02183,0,0.0,0.0,0.0,0.0,15.0
PH02969,PH04465,0,0.0,0.0,0.0,0.0,1.0
PH03844,PH01675,0,0.0,0.0,0.0,0.0,24.0
PH01968,PH01300,0,1.0,0.3333333333333333,0.6213349345596119,0.2,4.0
PH01613,PH00067,0,0.0,0.0,0.0,0.0,4.0
PH01994,PH00767,0,0.0,0.0,0.0,0.0,30.0
PH02314,PH02181,0,0.0,0.0,0.0,0.0,6.0
PH03041,PH00840,0,0.0,0.0,0.0,0.0,16.0
PH02717,PH01685,0,1.0,0.2,0.5581106265512472,0.16666666666666666,8.0
PH01572,PH02496,0,0.0,0.0,0.0,0.0,4.0
PH01572,PH02436,0,0.0,0.0,0.0,0.0,4.0
PH00820,PH00272,0,0.0,0.0,0.0,0.0,15.0
PH02487,PH00620,0,0.0,0.0,0.0,0.0,15.0
PH01941,PH01146,0,1.0,0.16666666666666666,0.7213475204444817,0.25,12.0
PH03929,PH04497,0,0.0,0.0,0.0,0.0,2.0
PH02860,PH00441,0,0.0,0.0,0.0,0.0,2.0
PH00118,PH04076,0,0.0,0.0,0.0,0.0,18.0
PH04330,PH00751,0,0.0,0.0,0.0,0.0,3.0
PH04482,PH00030,0,1.0,0.14285714285714285,0.7213475204444817,0.25,12.0
PH02182,PH03581,0,0.0,0.0,0.0,0.0,10.0
PH00182,PH01425,0,0.0,0.0,0.0,0.0,2.0
PH04430,PH03929,0,0.0,0.0,0.0,0.0,2.0
PH03997,PH02696,0,0.0,0.0,0.0,0.0,8.0
PH04242,PH00277,0,1.0,0.2,0.7213475204444817,0.25,9.0
PH01805,PH04298,0,0.0,0.0,0.0,0.0,6.0
PH03511,PH01439,0,0.0,0.0,0.0,0.0,12.0
PH03408,PH02472,0,0.0,0.0,0.0,0.0,10.0
PH02127,PH03680,0,0.0,0.0,0.0,0.0,2.0
PH01190,PH00267,0,1.0,0.16666666666666666,0.6213349345596119,0.2,12.0
PH00201,PH00431,0,0.0,0.0,0.0,0.0,12.0
PH03156,PH00335,0,0.0,0.0,0.0,0.0,4.0
PH02948,PH01764,0,0.0,0.0,0.0,0.0,2.0
PH02807,PH02782,0,0.0,0.0,0.0,0.0,12.0
PH04019,PH00400,0,1.0,0.125,0.48089834696298783,0.125,20.0
PH01121,PH04102,0,0.0,0.0,0.0,0.0,8.0
PH02005,PH03711,0,0.0,0.0,0.0,0.0,5.0
PH00941,PH00037,0,0.0,0.0,0.0,0.0,24.0
PH01662,PH01019,0,0.0,0.0,0.0,0.0,9.0
PH03248,PH01577,0,1.0,0.09090909090909091,0.9102392266268373,0.3333333333333333,27.0
PH02757,PH03312,0,0.0,0.0,0.0,0.0,10.0
PH00817,PH01446,0,0.0,0.0,0.0,0.0,9.0
PH02892,PH03213,0,0.0,0.0,0.0,0.0,2.0
PH03755,PH01940,0,0.0,0.0,0.0,0.0,3.0
PH01669,PH03309,0,1.0,0.25,0.6213349345596119,0.2,6.0
PH00783,PH00419,0,0.0,0.0,0.0,0.0,3.0
PH03548,PH02187,0,0.0,0.0,0.0,0.0,4.0
PH04482,PH02449,0,0.0,0.0,0.0,0.0,12.0
PH03359,PH00094,0,0.0,0.0,0.0,0.0,8.0
PH03920,PH02782,0,1.0,0.14285714285714285,0.7213475204444817,0.25,15.0
PH01167,PH00133,0,0.0,0.0,0.0,0.0,6.0
PH03793,PH02874,0,0.0,0.0,0.0,0.0,3.0
PH01329,PH00515,0,0.0,0.0,0.0,0.0,3.0
PH00337,PH01205,0,0.0,0.0,0.0,0.0,16.0
PH04017,PH00523,0,1.0,0.3333333333333333,0.5581106265512472,0.16666666666666666,3.0
PH00657,PH01829,0,0.0,0.0,0.0,0.0,3.0
PH04364,PH03452,0,0.0,0.0,0.0,0.0,10.0
PH01896,PH02969,0,0.0,0.0,0.0,0.0,2.0
PH03625,PH01233,0,0.0,0.0,0.0,0.0,6.0
PH02508,PH04012,0,1.0,0.16666666666666666,0.7213475204444817,0.25,12.0
PH04402,PH03050,0,0.0,0.0,0.0,0.0,4.0
PH02362,PH02165,0,0.0,0.0,0.0,0.0,6.0
PH03789,PH00694,0,0.0,0.0,0.0,0.0,14.0
PH02266,PH03436,0,0.0,0.0,0.0,0.0,6.0
PH04359,PH03921,0,1.0,0.1111111111111111,0.5138983423697507,0.14285714285714285,24.0
PH04019,PH02599,0,0.0,0.0,0.0,0.0,16.0
PH01143,PH00677,0,0.0,0.0,0.0,0.0,24.0
PH01205,PH04415,0,0.0,0.0,0.0,0.0,8.0
PH04169,PH02184,0,0.0,0.0,0.0,0.0,40.0
PH02373,PH02012,0,1.0,0.2,1.4426950408889634,0.5,5.0
PH02364,PH02410,0,0.0,0.0,0.0,0.0,24.0
PH02008,PH00472,0,0.0,0.0,0.0,0.0,5.0
PH00809,PH01956,0,0.0,0.0,0.0,0.0,20.0
PH04344,PH03560,0,0.0,0.0,0.0,0.0,15.0
PH00511,PH02523,0,1.0,0.14285714285714285,0.9102392266268373,0.3333333333333333,16.0
PH01031,PH00910,0,0.0,0.0,0.0,0.0,4.0
PH00359,PH00406,0,0.0,0.0,0.0,0.0,4.0
PH00047,PH02103,0,0.0,0.0,0.0,0.0,20.0
PH01267,PH03118,0,0.0,0.0,0.0,0.0,6.0
PH00163,PH00513,0,1.0,0.125,0.7213475204444817,0.25,20.0
PH04070,PH00166,0,0.0,0.0,0.0,0.0,1.0
PH03075,PH01550,0,0.0,0.0,0.0,0.0,4.0
PH04452,PH01826,0,0.0,0.0,0.0,0.0,12.0
PH04000,PH02523,0,0.0,0.0,0.0,0.0,16.0
PH00808,PH00584,0,1.0,0.25,0.6213349345596119,0.2,6.0
PH00959,PH04281,0,0.0,0.0,0.0,0.0,4.0
PH03095,PH01945,0,0.0,0.0,0.0,0.0,24.0
PH00960,PH00445,0,0.0,0.0,0.0,0.0,2.0
PH02769,PH00920,0,0.0,0.0,0.0,0.0,6.0
PH00680,PH03139,0,1.0,0.125,0.6213349345596119,0.2,20.0
PH01222,PH02325,0,0.0,0.0,0.0,0.0,6.0
PH02218,PH03544,0,0.0,0.0,0.0,0.0,6.0
PH00033,PH02680,0,0.0,0.0,0.0,0.0,12.0
PH04202,PH03310,0,0.0,0.0,0.0,0.0,6.0
PH01682,PH00811,0,1.0,0.1111111111111111,0.5581106265512472,0.16666666666666666,24.0
PH04457,PH02952,0,0.0,0.0,0.0,0.0,9.0
PH00043,PH04237,0,0.0,0.0,0.0,0.0,15.0
PH03538,PH03910,0,0.0,0.0,0.0,0.0,16.0
PH01192,PH00627,0,0.0,0.0,0.0,0.0,2.0
PH03633,PH04186,0,1.0,0.125,0.7213475204444817,0.25,20.0
PH03384,PH02494,0,0.0,0.0,0.0,0.0,3.0
PH02292,PH01003,0,0.0,0.0,0.0,0.0,25.0
PH03196,PH03338,0,0.0,0.0,0.0,0.0,20.0
PH03676,PH02879,0,0.0,0.0,0.0,0.0,5.0
PH02403,PH01545,0,1.0,0.2,0.9102392266268373,0.3333333333333333,8.0
PH00473,PH01173,0,0.0,0.0,0.0,0.0,1.0
PH01119,PH01160,0,0.0,0.0,0.0,0.0,6.0
PH02709,PH00422,0,0.0,0.0,0.0,0.0,6.0
PH03663,PH01380,0,0.0,0.0,0.0,0.0,8.0
PH04084,PH03405,0,1.0,0.2,0.7213475204444817,0.25,5.0
PH03913,PH03586,0,0.0,0.0,0.0,0.0,3.0
PH03045,PH04466,0,0.0,0.0,0.0,0.0,18.0
PH02402,PH03623,0,0.0,0.0,0.0,0.0,20.0
PH02622,PH01332,0,0.0,0.0,0.0,0.0,5.0
PH01634,PH03155,0,1.0,0.1111111111111111,0.45511961331341866,0.1111111111111111,25.0
PH00994,PH03849,0,0.0,0.0,0.0,0.0,16.0
PH01017,PH03603,0,0.0,0.0,0.0,0.0,2.0
PH01960,PH02791,0,0.0,0.0,0.0,0.0,9.0
PH00511,PH03755,0,0.0,0.0,0.0,0.0,12.0
PH01271,PH00888,0,1.0,0.14285714285714285,0.6213349345596119,0.2,15.0
PH01510,PH02317,0,0.0,0.0,0.0,0.0,15.0
PH02821,PH01145,0,0.0,0.0,0.0,0.0,12.0
PH02770,PH00082,0,0.0,0.0,0.0,0.0,24.0
PH03474,PH00259,0,0.0,0.0,0.0,0.0,18.0
PH01676,PH02217,0,1.0,0.16666666666666666,0.45511961331341866,0.1111111111111111,12.0
PH03860,PH03333,0,0.0,0.0,0.0,0.0,5.0
PH02377,PH01859,0,0.0,0.0,0.0,0.0,8.0
PH02286,PH03729,0,0.0,0.0,0.0,0.0,6.0
PH02488,PH00437,0,0.0,0.0,0.0,0.0,2.0
PH01610,PH01044,0,1.0,0.2,0.7213475204444817,0.25,8.0
PH02582,PH00519,0,0.0,0.0,0.0,0.0,6.0
PH03461,PH01077,0,0.0,0.0,0.0,0.0,10.0
PH03615,PH03237,0,0.0,0.0,0.0,0.0,16.0
PH03771,PH02507,0,0.0,0.0,0.0,0.0,12.0
PH04127,PH01588,0,1.0,0.1111111111111111,0.5581106265512472,0.16666666666666666,25.0
PH02551,PH00020,0,0.0,0.0,0.0,0.0,15.0
PH03614,PH01258,0,0.0,0.0,0.0,0.0,4.0
PH01846,PH01614,0,0.0,0.0,0.0,0.0,4.0
PH01321,PH02050,0,0.0,0.0,0.0,0.0,6.0
PH04275,PH00234,0,1.0,0.16666666666666666,0.6213349345596119,0.2,6.0
PH03121,PH03207,0,0.0,0.0,0.0,0.0,4.0
PH04434,PH02081,0,0.0,0.0,0.0,0.0,8.0
PH00978,PH02529,0,0.0,0.0,0.0,0.0,9.0
PH02406,PH02519,0,0.0,0.0,0.0,0.0,6.0
PH04414,PH00012,0,1.0,0.3333333333333333,0.9102392266268373,0.3333333333333333,3.0
PH01279,PH01404,0,0.0,0.0,0.0,0.0,3.0
PH00393,PH02742,0,0.0,0.0,0.0,0.0,24.0
PH03992,PH01860,0,0.0,0.0,0.0,0.0,4.0
PH02709,PH00572,0,0.0,0.0,0.0,0.0,4.0
PH02161,PH01954,0,1.0,0.16666666666666666,0.6213349345596119,0.2,10.0
PH00857,PH03710,0,0.0,0.0,0.0,0.0,16.0
PH02740,PH03800,0,0.0,0.0,0.0,0.0,12.0
PH01589,PH01018,0,0.0,0.0,0.0,0.0,4.0
PH04323,PH03930,0,0.0,0.0,0.0,0.0,8.0
PH02941,PH02957,0,1.0,0.125,0.7213475204444817,0.25,20.0
PH01438,PH03224,0,0.0,0.0,0.0,0.0,8.0
PH02502,PH02040,0,0.0,0.0,0.0,0.0,3.0
PH02319,PH01328,0,0.0,0.0,0.0,0.0,3.0
PH01531,PH03759,0,0.0,0.0,0.0,0.0,4.0
PH00054,PH00007,0,1.0,0.125,0.7213475204444817,0.25,14.0
PH04093,PH02275,0,0.0,0.0,0.0,0.0,15.0
PH01581,PH04337,0,0.0,0.0,0.0,0.0,1.0
PH00418,PH01978,0,0.0,0.0,0.0,0.0,8.0
PH01570,PH01204,0,0.0,0.0,0.0,0.0,6.0
PH02597,PH02974,0,1.0,0.125,0.6213349345596119,0.2,18.0
PH00899,PH03728,0,0.0,0.0,0.0,0.0,25.0
PH03707,PH02709,0,0.0,0.0,0.0,0.0,3.0
PH01676,PH02604,0,0.0,0.0,0.0,0.0,12.0
PH03269,PH00953,0,0.0,0.0,0.0,0.0,15.0
PH03107,PH03346,0,1.0,0.2,0.48089834696298783,0.125,5.0
PH00613,PH00831,0,0.0,0.0,0.0,0.0,4.0
PH00357,PH02836,0,0.0,0.0,0.0,0.0,5.0
PH03691,PH04378,0,0.0,0.0,0.0,0.0,9.0
PH03995,PH00259,0,0.0,0.0,0.0,0.0,9.0
PH01616,PH03103,0,1.0,0.07692307692307693,0.9102392266268373,0.3333333333333333,48.0
PH04202,PH00980,0,0.0,0.0,0.0,0.0,2.0
PH02065,PH03243,0,0.0,0.0,0.0,0.0,4.0
PH01983,PH02954,0,0.0,0.0,0.0,0.0,9.0
PH03616,PH04116,0,0.0,0.0,0.0,0.0,15.0
PH00681,PH01246,0,1.0,0.1111111111111111,0.6213349345596119,0.2,24.0
PH00339,PH00519,0,0.0,0.0,0.0,0.0,4.0
PH02871,PH03223,0,0.0,0.0,0.0,0.0,8.0
PH00109,PH03142,0,0.0,0.0,0.0,0.0,2.0
PH00583,PH01031,0,0.0,0.0,0.0,0.0,16.0
PH00992,PH01112,0,1.0,0.14285714285714285,0.7213475204444817,0.25,15.0
PH03328,PH03477,0,0.0,0.0,0.0,0.0,12.0
PH03710,PH01166,0,0.0,0.0,0.0,0.0,4.0
PH02222,PH04196,0,0.0,0.0,0.0,0.0,6.0
PH04045,PH04344,0,0.0,0.0,0.0,0.0,10.0
PH00323,PH03031,0,1.0,0.14285714285714285,0.7213475204444817,0.25,15.0
PH01796,PH01242,0,0.0,0.0,0.0,0.0,4.0
PH03006,PH02504,0,0.0,0.0,0.0,0.0,16.0
PH03435,PH04116,0,0.0,0.0,0.0,0.0,10.0
PH01101,PH00618,0,0.0,0.0,0.0,0.0,3.0
PH02173,PH00982,0,1.0,0.14285714285714285,0.48089834696298783,0.125,15.0
PH01695,PH02731,0,0.0,0.0,0.0,0.0,20.0
PH02913,PH00247,0,0.0,0.0,0.0,0.0,8.0
PH02480,PH02373,0,0.0,0.0,0.0,0.0,5.0
PH01986,PH03636,0,0.0,0.0,0.0,0.0,20.0
PH01946,PH03113,0,1.0,0.1,0.5581106265512472,0.16666666666666666,28.0
PH04421,PH03027,0,0.0,0.0,0.0,0.0,5.0
PH01309,PH01207,0,0.0,0.0,0.0,0.0,6.0
PH03180,PH02816,0,0.0,0.0,0.0,0.0,40.0
PH00121,PH00382,0,0.0,0.0,0.0,0.0,5.0
PH02617,PH00139,0,1.0,0.09090909090909091,0.5581106265512472,0.16666666666666666,35.0
PH02977,PH01032,0,0.0,0.0,0.0,0.0,12.0
PH01677,PH04163,0,0.0,0.0,0.0,0.0,9.0
PH00703,PH01777,0,0.0,0.0,0.0,0.0,18.0
PH03479,PH03861,0,0.0,0.0,0.0,0.0,6.0
PH04439,PH04393,0,1.0,0.09090909090909091,0.7213475204444817,0.25,36.0
PH01921,PH01257,0,0.0,0.0,0.0,0.0,6.0
PH04156,PH00014,0,0.0,0.0,0.0,0.0,8.0
PH03156,PH03539,0,0.0,0.0,0.0,0.0,10.0
PH04485,PH00553,0,0.0,0.0,0.0,0.0,4.0
PH04231,PH04413,0,1.0,0.16666666666666666,0.7213475204444817,0.25,12.0
PH00522,PH02078,0,0.0,0.0,0.0,0.0,6.0
PH03866,PH04486,0,0.0,0.0,0.0,0.0,6.0
PH01624,PH04398,0,0.0,0.0,0.0,0.0,2.0
PH00967,PH02923,0,0.0,0.0,0.0,0.0,1.0
PH01734,PH02310,0,1.0,0.2,0.5138983423697507,0.14285714285714285,5.0
PH02561,PH01290,0,0.0,0.0,0.0,0.0,21.0
PH04017,PH00114,0,0.0,0.0,0.0,0.0,6.0
PH01638,PH03955,0,0.0,0.0,0.0,0.0,1.0
PH02174,PH04357,0,0.0,0.0,0.0,0.0,6.0
PH02218,PH01830,0,1.0,0.2,0.5581106265512472,0.16666666666666666,9.0
PH01706,PH02496,0,0.0,0.0,0.0,0.0,12.0
PH02585,PH01671,0,0.0,0.0,0.0,0.0,12.0
PH01658,PH00384,0,0.0,0.0,0.0,0.0,12.0
PH01739,PH02233,0,0.0,0.0,0.0,0.0,10.0
PH00639,PH00588,0,1.0,0.2,0.7213475204444817,0.25,9.0
PH03344,PH00459,0,0.0,0.0,0.0,0.0,12.0
PH02685,PH02190,0,0.0,0.0,0.0,0.0,6.0
PH01851,PH02679,0,0.0,0.0,0.0,0.0,6.0
PH04450,PH03878,0,0.0,0.0,0.0,0.0,30.0
PH04267,PH04315,0,1.0,0.125,0.6213349345596119,0.2,8.0
PH04386,PH01328,0,0.0,0.0,0.0,0.0,3.0
PH00265,PH02127,0,0.0,0.0,0.0,0.0,3.0
PH00073,PH01332,0,0.0,0.0,0.0,0.0,20.0
PH02095,PH00062,0,0.0,0.0,0.0,0.0,9.0
PH03042,PH04075,0,1.0,0.1,0.7213475204444817,0.25,30.0
PH00275,PH02540,0,0.0,0.0,0.0,0.0,3.0
PH03263,PH02609,0,0.0,0.0,0.0,0.0,6.0
PH03453,PH04088,0,0.0,0.0,0.0,0.0,4.0
PH00459,PH00840,0,0.0,0.0,0.0,0.0,16.0
PH04060,PH01817,0,1.0,0.07142857142857142,0.7213475204444817,0.25,56.0
PH00676,PH02456,0,0.0,0.0,0.0,0.0,12.0
PH01773,PH02100,0,0.0,0.0,0.0,0.0,15.0
PH01923,PH03374,0,0.0,0.0,0.0,0.0,15.0
PH00841,PH02188,0,0.0,0.0,0.0,0.0,4.0
PH03941,PH02212,0,1.0,0.2,0.9102392266268373,0.3333333333333333,8.0
PH01975,PH02131,0,0.0,0.0,0.0,0.0,4.0
PH03481,PH00813,0,0.0,0.0,0.0,0.0,2.0
PH03335,PH00680,0,0.0,0.0,0.0,0.0,16.0
PH00340,PH02275,0,0.0,0.0,0.0,0.0,25.0
PH02671,PH01848,0,1.0,0.1111111111111111,0.6213349345596119,0.2,24.0
PH04082,PH01766,0,0.0,0.0,0.0,0.0,10.0
PH01708,PH03118,0,0.0,0.0,0.0,0.0,12.0
PH03962,PH00414,0,0.0,0.0,0.0,0.0,20.0
PH03650,PH00176,0,0.0,0.0,0.0,0.0,3.0
PH02472,PH02943,0,1.0,0.1111111111111111,0.7213475204444817,0.25,25.0
PH01176,PH01140,0,0.0,0.0,0.0,0.0,5.0
PH01627,PH01017,0,0.0,0.0,0.0,0.0,12.0
PH00148,PH03892,0,0.0,0.0,0.0,0.0,12.0
PH00016,PH02021,0,0.0,0.0,0.0,0.0,8.0
PH00393,PH01427,0,1.0,0.1111111111111111,0.7213475204444817,0.25,24.0
PH00870,PH00924,0,0.0,0.0,0.0,0.0,5.0
PH04331,PH03246,0,0.0,0.0,0.0,0.0,2.0
PH00456,PH03257,0,0.0,0.0,0.0,0.0,3.0
PH04303,PH04325,0,0.0,0.0,0.0,0.0,9.0
PH02888,PH03808,0,1.0,0.125,0.7213475204444817,0.25,14.0
PH00543,PH02573,0,0.0,0.0,0.0,0.0,3.0
PH00705,PH03036,0,0.0,0.0,0.0,0.0,8.0
PH03340,PH03495,0,0.0,0.0,0.0,0.0,1.0
PH00674,PH02651,0,0.0,0.0,0.0,0.0,8.0
PH04025,PH01582,0,1.0,0.125,0.6213349345596119,0.2,20.0
PH00711,PH00799,0,0.0,0.0,0.0,0.0,8.0
PH02751,PH00852,0,0.0,0.0,0.0,0.0,8.0
PH02398,PH03012,0,0.0,0.0,0.0,0.0,20.0
PH00096,PH04069,0,0.0,0.0,0.0,0.0,16.0
PH03452,PH01502,0,1.0,0.125,0.7213475204444817,0.25,20.0
PH01497,PH01508,0,0.0,0.0,0.0,0.0,4.0
PH00843,PH03344,0,0.0,0.0,0.0,0.0,15.0
PH00172,PH00772,0,0.0,0.0,0.0,0.0,8.0
PH04229,PH02454,0,0.0,0.0,0.0,0.0,7.0
PH02122,PH01790,0,1.0,0.25,0.5581106265512472,0.16666666666666666,6.0
PH00611,PH00751,0,0.0,0.0,0.0,0.0,3.0
PH01142,PH02271,0,0.0,0.0,0.0,0.0,18.0
PH03013,PH03158,0,0.0,0.0,0.0,0.0,6.0
PH00976,PH04295,0,0.0,0.0,0.0,0.0,3.0
PH04482,PH00030,0,1.0,0.14285714285714285,0.7213475204444817,0.25,12.0
PH03318,PH03881,0,0.0,0.0,0.0,0.0,2.0
PH01211,PH04372,0,0.0,0.0,0.0,0.0,16.0
PH00878,PH01008,0,0.0,0.0,0.0,0.0,16.0
PH03623,PH02310,0,0.0,0.0,0.0,0.0,20.0
PH04427,PH03283,0,1.0,0.16666666666666666,0.6213349345596119,0.2,6.0
PH01670,PH02139,0,0.0,0.0,0.0,0.0,20.0
PH00214,PH04417,0,0.0,0.0,0.0,0.0,6.0
PH02817,PH01340,0,0.0,0.0,0.0,0.0,12.0
PH02097,PH03682,0,0.0,0.0,0.0,0.0,4.0
PH02909,PH00043,0,1.0,0.25,0.5581106265512472,0.16666666666666666,6.0
PH00886,PH01175,0,0.0,0.0,0.0,0.0,8.0
PH04111,PH01499,0,0.0,0.0,0.0,0.0,2.0
PH03733,PH02821,0,0.0,0.0,0.0,0.0,4.0
PH04064,PH02866,0,0.0,0.0,0.0,0.0,21.0
PH02529,PH04223,0,1.0,0.14285714285714285,0.48089834696298783,0.125,15.0
PH03107,PH00314,0,0.0,0.0,0.0,0.0,15.0
PH00489,PH04225,0,0.0,0.0,0.0,0.0,4.0
PH03701,PH02503,0,0.0,0.0,0.0,0.0,12.0
PH00682,PH03652,0,0.0,0.0,0.0,0.0,5.0
PH02787,PH01532,0,1.0,0.125,0.6213349345596119,0.2,18.0
PH02251,PH02828,0,0.0,0.0,0.0,0.0,1.0
PH03017,PH00113,0,0.0,0.0,0.0,0.0,10.0
PH02917,PH01203,0,0.0,0.0,0.0,0.0,14.0
PH01376,PH00381,0,0.0,0.0,0.0,0.0,8.0
PH00543,PH00951,0,1.0,0.25,0.5138983423697507,0.14285714285714285,4.0
PH03479,PH02708,0,0.0,0.0,0.0,0.0,4.0
PH04011,PH01957,0,0.0,0.0,0.0,0.0,4.0
PH03391,PH02985,0,0.0,0.0,0.0,0.0,10.0
PH04075,PH03403,0,0.0,0.0,0.0,0.0,15.0
PH03344,PH00929,0,1.0,0.16666666666666666,0.6213349345596119,0.2,12.0
PH01902,PH01666,0,0.0,0.0,0.0,0.0,6.0
PH00290,PH01711,0,0.0,0.0,0.0,0.0,4.0
PH01438,PH04183,0,0.0,0.0,0.0,0.0,6.0
PH04015,PH03591,0,0.0,0.0,0.0,0.0,6.0
PH02951,PH01755,0,1.0,0.125,0.7213475204444817,0.25,20.0
PH02410,PH02225,0,0.0,0.0,0.0,0.0,16.0
PH03538,PH00267,0,0.0,0.0,0.0,0.0,16.0
PH00118,PH00772,0,0.0,0.0,0.0,0.0,24.0
PH03855,PH03404,0,0.0,0.0,0.0,0.0,8.0
PH02891,PH04357,0,1.0,0.25,0.5138983423697507,0.14285714285714285,4.0
PH03358,PH02280,0,0.0,0.0,0.0,0.0,3.0
PH04275,PH00739,0,0.0,0.0,0.0,0.0,30.0
PH04284,PH04190,0,0.0,0.0,0.0,0.0,4.0
PH00900,PH02994,0,0.0,0.0,0.0,0.0,12.0
PH03678,PH00140,0,1.0,0.1,0.6213349345596119,0.2,30.0
PH02668,PH03368,0,0.0,0.0,0.0,0.0,8.0
PH00516,PH02343,0,0.0,0.0,0.0,0.0,18.0
PH02072,PH02569,0,0.0,0.0,0.0,0.0,4.0
PH02622,PH00702,0,0.0,0.0,0.0,0.0,1.0
PH02960,PH03028,0,1.0,0.16666666666666666,0.9102392266268373,0.3333333333333333,12.0
PH03936,PH02613,0,0.0,0.0,0.0,0.0,15.0
PH03876,PH01217,0,0.0,0.0,0.0,0.0,6.0
PH02131,PH03386,0,0.0,0.0,0.0,0.0,6.0
PH00204,PH02721,0,0.0,0.0,0.0,0.0,12.0
PH03536,PH03602,0,1.0,0.16666666666666666,0.5581106265512472,0.16666666666666666,12.0
PH01088,PH04037,0,0.0,0.0,0.0,0.0,9.0
PH02450,PH03769,0,0.0,0.0,0.0,0.0,4.0
PH03180,PH01641,0,0.0,0.0,0.0,0.0,10.0
PH00873,PH03136,0,0.0,0.0,0.0,0.0,6.0
PH03211,PH00992,0,1.0,0.1111111111111111,0.5581106265512472,0.16666666666666666,25.0
PH02632,PH00702,0,0.0,0.0,0.0,0.0,6.0
PH03103,PH04150,0,0.0,0.0,0.0,0.0,32.0
PH04192,PH03507,0,0.0,0.0,0.0,0.0,2.0
PH01028,PH01590,0,0.0,0.0,0.0,0.0,3.0
PH02089,PH04467,0,1.0,0.07692307692307693,0.9102392266268373,0.3333333333333333,48.0
PH01120,PH00053,0,0.0,0.0,0.0,0.0,8.0
PH01134,PH03705,0,0.0,0.0,0.0,0.0,6.0
PH02948,PH00106,0,0.0,0.0,0.0,0.0,2.0
PH01017,PH03304,0,0.0,0.0,0.0,0.0,2.0
PH02220,PH03387,0,1.0,0.16666666666666666,0.7213475204444817,0.25,12.0
PH03472,PH01251,0,0.0,0.0,0.0,0.0,24.0
PH02678,PH01247,0,0.0,0.0,0.0,0.0,6.0
PH01771,PH02462,0,0.0,0.0,0.0,0.0,18.0
PH01945,PH00466,0,0.0,0.0,0.0,0.0,56.0
PH00417,PH00089,0,1.0,0.1,0.6213349345596119,0.2,28.0
PH00098,PH02866,0,0.0,0.0,0.0,0.0,3.0
PH04199,PH01355,0,0.0,0.0,0.0,0.0,6.0
PH03671,PH00041,0,0.0,0.0,0.0,0.0,10.0
PH01105,PH03592,0,0.0,0.0,0.0,0.0,20.0
PH03087,PH02182,0,1.0,0.16666666666666666,0.5581106265512472,0.16666666666666666,10.0
PH02588,PH03359,0,0.0,0.0,0.0,0.0,2.0
PH03125,PH01169,0,0.0,0.0,0.0,0.0,10.0
PH02643,PH01309,0,0.0,0.0,0.0,0.0,24.0
PH00709,PH00771,0,0.0,0.0,0.0,0.0,20.0
PH04313,PH01146,0,1.0,0.2,0.6213349345596119,0.2,8.0
PH02565,PH02621,0,0.0,0.0,0.0,0.0,2.0
PH02417,PH02874,0,0.0,0.0,0.0,0.0,12.0
PH01990,PH04281,0,0.0,0.0,0.0,0.0,4.0
PH00274,PH02019,0,0.0,0.0,0.0,0.0,15.0
PH04269,PH01817,0,1.0,0.1111111111111111,0.5581106265512472,0.16666666666666666,16.0
PH01310,PH01098,0,0.0,0.0,0.0,0.0,5.0
PH01732,PH00956,0,0.0,0.0,0.0,0.0,12.0
PH03095,PH00562,0,0.0,0.0,0.0,0.0,3.0
PH00443,PH03427,0,0.0,0.0,0.0,0.0,2.0
PH02573,PH02704,0,1.0,0.25,0.6213349345596119,0.2,6.0
PH03162,PH02990,0,0.0,0.0,0.0,0.0,42.0
PH02437,PH01142,0,0.0,0.0,0.0,0.0,18.0
PH04168,PH01252,0,0.0,0.0,0.0,0.0,24.0
PH01590,PH00798,0,0.0,0.0,0.0,0.0,15.0
PH01598,PH03536,0,1.0,0.16666666666666666,0.48089834696298783,0.125,12.0
PH03869,PH01107,0,0.0,0.0,0.0,0.0,16.0
PH04333,PH04159,0,0.0,0.0,0.0,0.0,4.0
PH02335,PH01443,0,0.0,0.0,0.0,0.0,6.0
PH00221,PH01672,0,0.0,0.0,0.0,0.0,8.0
PH00119,PH01159,0,1.0,0.1111111111111111,0.9102392266268373,0.3333333333333333,21.0
PH03355,PH00985,0,0.0,0.0,0.0,0.0,2.0
PH02751,PH00680,0,0.0,0.0,0.0,0.0,8.0
PH00189,PH02550,0,0.0,0.0,0.0,0.0,10.0
PH02732,PH03405,0,0.0,0.0,0.0,0.0,1.0
PH01853,PH02567,0,1.0,0.16666666666666666,1.4426950408889634,0.5,12.0
PH01240,PH00892,0,0.0,0.0,0.0,0.0,2.0
PH02795,PH03303,0,0.0,0.0,0.0,0.0,3.0
PH02813,PH04288,0,0.0,0.0,0.0,0.0,4.0
PH02971,PH01462,0,0.0,0.0,0.0,0.0,1.0
PH04289,PH01318,0,1.0,0.09090909090909091,0.48089834696298783,0.125,32.0
PH03389,PH03110,0,0.0,0.0,0.0,0.0,2.0
PH02612,PH04075,0,0.0,0.0,0.0,0.0,25.0
PH04096,PH00266,0,0.0,0.0,0.0,0.0,4.0
PH01776,PH04386,0,0.0,0.0,0.0,0.0,2.0
PH03823,PH00851,0,1.0,0.1111111111111111,0.9102392266268373,0.3333333333333333,24.0
PH01124,PH04173,0,0.0,0.0,0.0,0.0,25.0
PH01009,PH03624,0,0.0,0.0,0.0,0.0,14.0
PH04465,PH00730,0,0.0,0.0,0.0,0.0,4.0
PH03171,PH00148,0,0.0,0.0,0.0,0.0,9.0
PH03954,PH01387,0,1.0,0.1,0.5138983423697507,0.14285714285714285,30.0
PH00989,PH01669,0,0.0,0.0,0.0,0.0,18.0
PH01273,PH03799,0,0.0,0.0,0.0,0.0,21.0
PH03178,PH01937,0,0.0,0.0,0.0,0.0,15.0
PH01868,PH00490,0,0.0,0.0,0.0,0.0,6.0
PH02920,PH00735,0,1.0,0.125,0.48089834696298783,0.125,20.0
PH03828,PH02152,0,0.0,0.0,0.0,0.0,6.0
PH04452,PH04053,0,0.0,0.0,0.0,0.0,12.0
PH00139,PH00862,0,0.0,0.0,0.0,0.0,20.0
PH00335,PH00459,0,0.0,0.0,0.0,0.0,8.0
PH02384,PH03288,0,1.0,0.14285714285714285,0.7213475204444817,0.25,15.0
PH01990,PH03391,0,0.0,0.0,0.0,0.0,4.0
PH03124,PH04390,0,0.0,0.0,0.0,0.0,12.0
PH04490,PH02742,0,0.0,0.0,0.0,0.0,16.0
PH01856,PH03869,0,0.0,0.0,0.0,0.0,28.0
PH02299,PH02310,0,1.0,0.125,0.5138983423697507,0.14285714285714285,20.0
PH00773,PH01010,0,0.0,0.0,0.0,0.0,6.0
PH02162,PH01817,0,0.0,0.0,0.0,0.0,24.0
PH01008,PH01930,0,0.0,0.0,0.0,0.0,12.0
PH04086,PH00987,0,0.0,0.0,0.0,0.0,8.0
PH03928,PH00194,0,1.0,0.1111111111111111,0.6213349345596119,0.2,24.0
PH02061,PH02731,0,0.0,0.0,0.0,0.0,5.0
PH01791,PH03595,0,0.0,0.0,0.0,0.0,6.0
PH01368,PH02190,0,0.0,0.0,0.0,0.0,2.0
PH03311,PH03192,0,0.0,0.0,0.0,0.0,8.0
PH01513,PH02691,0,1.0,0.5,0.5138983423697507,0.14285714285714285,2.0
PH04194,PH03652,0,0.0,0.0,0.0,0.0,20.0
PH03168,PH03846,0,0.0,0.0,0.0,0.0,18.0
PH04330,PH00213,0,0.0,0.0,0.0,0.0,9.0
PH03281,PH00480,0,0.0,0.0,0.0,0.0,6.0
PH00681,PH02513,0,1.0,0.125,0.6213349345596119,0.2,20.0
PH01100,PH02139,0,0.0,0.0,0.0,0.0,16.0
PH03445,PH02949,0,0.0,0.0,0.0,0.0,8.0
PH01345,PH01038,0,0.0,0.0,0.0,0.0,4.0
PH03711,PH03979,0,0.0,0.0,0.0,0.0,20.0
PH04060,PH03568,0,1.0,0.1,0.6213349345596119,0.2,28.0
PH02342,PH03684,0,0.0,0.0,0.0,0.0,15.0
PH04402,PH01374,0,0.0,0.0,0.0,0.0,4.0
PH02695,PH03349,0,0.0,0.0,0.0,0.0,6.0
PH01496,PH02409,0,0.0,0.0,0.0,0.0,6.0
PH03226,PH01865,0,1.0,0.5,0.9102392266268373,0.3333333333333333,2.0
PH01887,PH02965,0,0.0,0.0,0.0,0.0,9.0
PH03635,PH02533,0,0.0,0.0,0.0,0.0,4.0
PH01730,PH02721,0,0.0,0.0,0.0,0.0,20.0
PH02415,PH02882,0,0.0,0.0,0.0,0.0,20.0
PH01065,PH02334,0,1.0,0.2,0.6213349345596119,0.2,8.0
PH01292,PH04438,0,0.0,0.0,0.0,0.0,8.0
PH03435,PH02259,0,0.0,0.0,0.0,0.0,4.0
PH03965,PH02198,0,0.0,0.0,0.0,0.0,10.0
PH01308,PH00230,0,0.0,0.0,0.0,0.0,9.0
PH03373,PH01653,0,1.0,0.16666666666666666,0.7213475204444817,0.25,12.0
PH02764,PH04373,0,0.0,0.0,0.0,0.0,6.0
PH03972,PH00637,0,0.0,0.0,0.0,0.0,8.0
PH03153,PH02573,0,0.0,0.0,0.0,0.0,12.0
PH03153,PH00598,0,0.0,0.0,0.0,0.0,4.0
PH01968,PH04174,0,1.0,0.14285714285714285,0.6213349345596119,0.2,12.0
PH01084,PH00510,0,0.0,0.0,0.0,0.0,12.0
PH02710,PH03959,0,0.0,0.0,0.0,0.0,9.0
PH02332,PH01264,0,0.0,0.0,0.0,0.0,8.0
PH00794,PH00358,0,0.0,0.0,0.0,0.0,10.0
PH03491,PH01856,0,1.0,0.1111111111111111,0.5581106265512472,0.16666666666666666,21.0
PH02746,PH02075,0,0.0,0.0,0.0,0.0,15.0
PH03330,PH03442,0,0.0,0.0,0.0,0.0,1.0
PH01856,PH00648,0,0.0,0.0,0.0,0.0,7.0
PH01351,PH04131,0,0.0,0.0,0.0,0.0,14.0
PH01318,PH03402,0,1.0,0.06666666666666667,0.6213349345596119,0.2,64.0
PH03579,PH00238,0,0.0,0.0,0.0,0.0,15.0
PH01316,PH02373,0,0.0,0.0,0.0,0.0,3.0
PH01990,PH02552,0,0.0,0.0,0.0,0.0,10.0
PH03712,PH03481,0,0.0,0.0,0.0,0.0,3.0
PH01668,PH03513,0,1.0,0.3333333333333333,0.5138983423697507,0.14285714285714285,4.0
PH01686,PH00741,0,0.0,0.0,0.0,0.0,18.0
PH03680,PH00227,0,0.0,0.0,0.0,0.0,6.0
PH04222,PH03004,0,0.0,0.0,0.0,0.0,5.0
PH00057,PH02400,0,0.0,0.0,0.0,0.0,24.0
PH03588,PH01868,0,1.0,0.14285714285714285,0.5138983423697507,0.14285714285714285,15.0
PH00240,PH01132,0,0.0,0.0,0.0,0.0,10.0
PH01410,PH01329,0,0.0,0.0,0.0,0.0,12.0
PH01722,PH03837,0,0.0,0.0,0.0,0.0,8.0
PH02159,PH01469,0,0.0,0.0,0.0,0.0,5.0
PH03688,PH03745,0,1.0,0.16666666666666666,0.45511961331341866,0.1111111111111111,10.0
PH00383,PH01929,0,0.0,0.0,0.0,0.0,3.0
PH02176,PH02058,0,0.0,0.0,0.0,0.0,30.0
PH03154,PH03887,0,0.0,0.0,0.0,0.0,15.0
PH03139,PH01061,0,0.0,0.0,0.0,0.0,15.0
PH00808,PH01126,0,1.0,0.14285714285714285,0.6213349345596119,0.2,15.0
PH00173,PH00159,0,0.0,0.0,0.0,0.0,16.0
PH00558,PH00675,0,0.0,0.0,0.0,0.0,1.0
PH01822,PH01717,0,0.0,0.0,0.0,0.0,3.0
PH02091,PH03389,0,0.0,0.0,0.0,0.0,1.0
PH03868,PH00733,0,1.0,0.2,0.6213349345596119,0.2,9.0
PH00662,PH01729,0,0.0,0.0,0.0,0.0,24.0
PH00781,PH01407,0,0.0,0.0,0.0,0.0,1.0
PH03872,PH03906,0,0.0,0.0,0.0,0.0,16.0
PH03788,PH03771,0,0.0,0.0,0.0,0.0,15.0
PH02110,PH04293,0,1.0,0.2,0.7213475204444817,0.25,8.0
PH03412,PH02598,0,0.0,0.0,0.0,0.0,2.0
PH00584,PH03260,0,0.0,0.0,0.0,0.0,10.0
PH04133,PH03409,0,0.0,0.0,0.0,0.0,21.0
PH02886,PH01426,0,0.0,0.0,0.0,0.0,6.0
PH01009,PH01011,0,1.0,0.25,0.48089834696298783,0.125,6.0
PH01607,PH00670,0,0.0,0.0,0.0,0.0,9.0
PH03304,PH04103,0,0.0,0.0,0.0,0.0,2.0
PH03924,PH02076,0,0.0,0.0,0.0,0.0,12.0
PH01314,PH03419,0,0.0,0.0,0.0,0.0,10.0
PH02147,PH00567,0,1.0,0.2,0.6213349345596119,0.2,8.0
PH03281,PH03123,0,0.0,0.0,0.0,0.0,12.0
PH01690,PH00491,0,0.0,0.0,0.0,0.0,5.0
PH02768,PH02514,0,0.0,0.0,0.0,0.0,3.0
PH01873,PH03802,0,0.0,0.0,0.0,0.0,2.0
PH01217,PH01215,0,1.0,0.3333333333333333,0.7213475204444817,0.25,4.0
PH00415,PH03086,0,0.0,0.0,0.0,0.0,20.0
PH04064,PH02027,0,0.0,0.0,0.0,0.0,21.0
PH00122,PH00620,0,0.0,0.0,0.0,0.0,9.0
PH01931,PH04468,0,0.0,0.0,0.0,0.0,8.0
PH01916,PH01884,0,1.0,0.16666666666666666,0.6213349345596119,0.2,12.0
PH02717,PH00933,0,0.0,0.0,0.0,0.0,2.0
PH02004,PH00536,0,0.0,0.0,0.0,0.0,20.0
PH02802,PH03018,0,0.0,0.0,0.0,0.0,3.0
PH04328,PH02771,0,0.0,0.0,0.0,0.0,14.0
PH01701,PH02964,0,1.0,0.25,0.6213349345596119,0.2,4.0
PH03535,PH00201,0,0.0,0.0,0.0,0.0,18.0
PH03425,PH03862,0,0.0,0.0,0.0,0.0,12.0
PH02953,PH01044,0,0.0,0.0,0.0,0.0,12.0
PH03851,PH02913,0,0.0,0.0,0.0,0.0,8.0
PH03896,PH02283,0,1.0,0.14285714285714285,0.5138983423697507,0.14285714285714285,15.0
PH01789,PH03870,0,0.0,0.0,0.0,0.0,8.0
PH02268,PH02054,0,0.0,0.0,0.0,0.0,2.0
PH01721,PH02305,0,0.0,0.0,0.0,0.0,5.0
PH02960,PH03087,0,0.0,0.0,0.0,0.0,8.0
PH03205,PH01636,0,1.0,0.125,0.6213349345596119,0.2,18.0
PH00526,PH01659,0,0.0,0.0,0.0,0.0,12.0
PH02900,PH04060,0,0.0,0.0,0.0,0.0,21.0
PH03246,PH01192,0,0.0,0.0,0.0,0.0,2.0
PH02389,PH02836,0,0.0,0.0,0.0,0.0,10.0
PH00052,PH01660,0,1.0,0.09090909090909091,0.5138983423697507,0.14285714285714285,35.0
PH04027,PH00159,0,0.0,0.0,0.0,0.0,16.0
PH01500,PH02401,0,0.0,0.0,0.0,0.0,9.0
PH01008,PH03370,0,0.0,0.0,0.0,0.0,16.0
PH02528,PH02833,0,0.0,0.0,0.0,0.0,12.0
PH01887,PH03774,0,1.0,0.2,0.7213475204444817,0.25,9.0
PH01938,PH01820,0,0.0,0.0,0.0,0.0,12.0
PH03895,PH02176,0,0.0,0.0,0.0,0.0,24.0
PH01579,PH00843,0,0.0,0.0,0.0,0.0,15.0
PH02948,PH02056,0,0.0,0.0,0.0,0.0,10.0
PH01366,PH02263,0,1.0,0.14285714285714285,0.7213475204444817,0.25,16.0
PH02200,PH00267,0,0.0,0.0,0.0,0.0,4.0
PH03283,PH00529,0,0.0,0.0,0.0,0.0,6.0
PH03165,PH00857,0,0.0,0.0,0.0,0.0,8.0
PH00277,PH02047,0,0.0,0.0,0.0,0.0,15.0
PH04116,PH01722,0,1.0,0.125,0.5138983423697507,0.14285714285714285,20.0
PH02219,PH02022,0,0.0,0.0,0.0,0.0,9.0
PH00333,PH04292,0,0.0,0.0,0.0,0.0,4.0
PH01344,PH00259,0,0.0,0.0,0.0,0.0,12.0
PH03089,PH00166,0,0.0,0.0,0.0,0.0,3.0
PH04459,PH01448,0,1.0,0.16666666666666666,1.4426950408889634,0.5,12.0
PH01994,PH00995,0,0.0,0.0,0.0,0.0,12.0
PH04268,PH02250,0,0.0,0.0,0.0,0.0,3.0
PH01765,PH01746,0,0.0,0.0,0.0,0.0,8.0
PH00676,PH01899,0,0.0,0.0,0.0,0.0,8.0
PH00884,PH00356,0,1.0,0.125,0.6213349345596119,0.2,20.0
PH03349,PH03750,0,0.0,0.0,0.0,0.0,10.0
PH02517,PH02689,0,0.0,0.0,0.0,0.0,2.0
PH03824,PH01353,0,0.0,0.0,0.0,0.0,16.0
PH01189,PH04415,0,0.0,0.0,0.0,0.0,8.0
PH04417,PH03926,0,1.0,0.2,0.6213349345596119,0.2,9.0
PH01893,PH02279,0,0.0,0.0,0.0,0.0,9.0
PH04136,PH01512,0,0.0,0.0,0.0,0.0,15.0
PH00101,PH04375,0,0.0,0.0,0.0,0.0,9.0
PH00573,PH02427,0,0.0,0.0,0.0,0.0,8.0
PH04116,PH02822,0,1.0,0.14285714285714285,0.7213475204444817,0.25,15.0
PH00455,PH01828,0,0.0,0.0,0.0,0.0,16.0
PH01889,PH01897,0,0.0,0.0,0.0,0.0,12.0
PH00518,PH00018,0,0.0,0.0,0.0,0.0,6.0
PH00196,PH00654,0,0.0,0.0,0.0,0.0,6.0
PH00763,PH01069,0,1.0,0.3333333333333333,0.7213475204444817,0.25,4.0
PH01240,PH04009,0,0.0,0.0,0.0,0.0,6.0
PH03490,PH03614,0,0.0,0.0,0.0,0.0,1.0
PH02934,PH02118,0,0.0,0.0,0.0,0.0,5.0
PH02042,PH02080,0,0.0,0.0,0.0,0.0,6.0
PH04410,PH00748,0,1.0,0.3333333333333333,0.9102392266268373,0.3333333333333333,4.0
PH01880,PH00967,0,0.0,0.0,0.0,0.0,3.0
PH02250,PH01386,0,0.0,0.0,0.0,0.0,9.0
PH00869,PH00229,0,0.0,0.0,0.0,0.0,40.0
PH01456,PH01520,0,0.0,0.0,0.0,0.0,3.0
PH02562,PH04228,0,1.0,0.25,0.6213349345596119,0.2,6.0
PH02536,PH01875,0,0.0,0.0,0.0,0.0,6.0
PH01207,PH01813,0,0.0,0.0,0.0,0.0,4.0
PH00109,PH03927,0,0.0,0.0,0.0,0.0,2.0
PH04077,PH01055,0,0.0,0.0,0.0,0.0,6.0
PH01729,PH02805,0,1.0,0.09090909090909091,0.5581106265512472,0.16666666666666666,36.0
PH02615,PH04374,0,0.0,0.0,0.0,0.0,8.0
PH00149,PH00998,0,0.0,0.0,0.0,0.0,14.0
PH00737,PH02478,0,0.0,0.0,0.0,0.0,4.0
PH02839,PH03581,0,0.0,0.0,0.0,0.0,8.0
PH01896,PH01681,0,1.0,0.25,0.9102392266268373,0.3333333333333333,6.0
PH03797,PH03958,0,0.0,0.0,0.0,0.0,9.0
PH02177,PH00541,0,0.0,0.0,0.0,0.0,4.0
PH00976,PH01450,0,0.0,0.0,0.0,0.0,6.0
PH03744,PH02882,0,0.0,0.0,0.0,0.0,8.0
PH04217,PH03792,0,1.0,0.25,0.6213349345596119,0.2,6.0
PH02423,PH03795,0,0.0,0.0,0.0,0.0,30.0
PH02185,PH02094,0,0.0,0.0,0.0,0.0,3.0
PH02818,PH04484,0,0.0,0.0,0.0,0.0,3.0
PH02923,PH02487,0,0.0,0.0,0.0,0.0,5.0
PH00221,PH03391,0,1.0,0.2,0.5581106265512472,0.16666666666666666,8.0
PH01884,PH01226,0,0.0,0.0,0.0,0.0,4.0
PH00634,PH01301,0,0.0,0.0,0.0,0.0,4.0
PH00752,PH02578,0,0.0,0.0,0.0,0.0,12.0
PH02842,PH04255,0,0.0,0.0,0.0,0.0,10.0
PH01582,PH02376,0,1.0,0.1,0.7213475204444817,0.25,30.0
PH03293,PH00506,0,0.0,0.0,0.0,0.0,6.0
PH02355,PH00299,0,0.0,0.0,0.0,0.0,4.0
PH00945,PH00158,0,0.0,0.0,0.0,0.0,15.0
PH03367,PH02354,0,0.0,0.0,0.0,0.0,8.0
PH01972,PH00074,0,1.0,0.1111111111111111,0.48089834696298783,0.125,25.0
PH02309,PH01452,0,0.0,0.0,0.0,0.0,6.0
PH02729,PH04453,0,0.0,0.0,0.0,0.0,4.0
PH03531,PH03593,0,0.0,0.0,0.0,0.0,1.0
PH04095,PH00114,0,0.0,0.0,0.0,0.0,6.0
PH00921,PH00706,0,1.0,0.3333333333333333,0.7213475204444817,0.25,3.0
PH04050,PH01770,0,0.0,0.0,0.0,0.0,24.0
PH01793,PH04045,0,0.0,0.0,0.0,0.0,2.0
PH04240,PH01315,0,0.0,0.0,0.0,0.0,4.0
PH00890,PH01981,0,0.0,0.0,0.0,0.0,24.0
PH03324,PH03466,0,1.0,0.2,0.6213349345596119,0.2,9.0
PH01181,PH01812,0,0.0,0.0,0.0,0.0,15.0
PH01957,PH01335,0,0.0,0.0,0.0,0.0,6.0
PH03355,PH03214,0,0.0,0.0,0.0,0.0,6.0
PH01080,PH03949,0,0.0,0.0,0.0,0.0,3.0
PH00100,PH03755,0,1.0,0.14285714285714285,0.6213349345596119,0.2,15.0
PH03067,PH01908,0,0.0,0.0,0.0,0.0,5.0
PH04438,PH01917,0,0.0,0.0,0.0,0.0,6.0
PH03594,PH02059,0,0.0,0.0,0.0,0.0,5.0
PH04402,PH02474,0,0.0,0.0,0.0,0.0,6.0
PH00215,PH03585,0,1.0,0.1,0.9102392266268373,0.3333333333333333,24.0
PH02745,PH01167,0,0.0,0.0,0.0,0.0,8.0
PH02532,PH03240,0,0.0,0.0,0.0,0.0,12.0
PH04115,PH00374,0,0.0,0.0,0.0,0.0,3.0
PH02200,PH01489,0,0.0,0.0,0.0,0.0,2.0
PH01827,PH04087,0,1.0,0.5,0.5581106265512472,0.16666666666666666,2.0
PH02213,PH00546,0,0.0,0.0,0.0,0.0,4.0
PH01729,PH02418,0,0.0,0.0,0.0,0.0,42.0
PH00564,PH00605,0,0.0,0.0,0.0,0.0,9.0
PH02213,PH03954,0,0.0,0.0,0.0,0.0,12.0
PH03334,PH01618,0,1.0,0.16666666666666666,0.5138983423697507,0.14285714285714285,12.0
PH01971,PH02801,0,0.0,0.0,0.0,0.0,9.0
PH02502,PH02425,0,0.0,0.0,0.0,0.0,12.0
PH02666,PH03646,0,0.0,0.0,0.0,0.0,18.0
PH03049,PH03401,0,0.0,0.0,0.0,0.0,4.0
PH02289,PH04060,0,1.0,0.1,0.7213475204444817,0.25,28.0
PH00453,PH03377,0,0.0,0.0,0.0,0.0,4.0
PH03846,PH02224,0,0.0,0.0,0.0,0.0,12.0
PH04068,PH04061,0,0.0,0.0,0.0,0.0,6.0
PH01323,PH03860,0,0.0,0.0,0.0,0.0,4.0
PH00328,PH04242,0,1.0,0.2,1.4426950408889634,0.5,9.0
PH02195,PH02024,0,0.0,0.0,0.0,0.0,15.0
PH00895,PH04277,0,0.0,0.0,0.0,0.0,3.0
PH01838,PH00531,0,0.0,0.0,0.0,0.0,4.0
PH00048,PH02319,0,0.0,0.0,0.0,0.0,4.0
PH02954,PH01265,0,1.0,0.16666666666666666,0.7213475204444817,0.25,12.0
PH00350,PH03172,0,0.0,0.0,0.0,0.0,8.0
PH00007,PH00720,0,0.0,0.0,0.0,0.0,6.0
PH02019,PH03387,0,0.0,0.0,0.0,0.0,15.0
PH01205,PH00223,0,0.0,0.0,0.0,0.0,16.0
PH02084,PH01292,0,1.0,0.16666666666666666,0.6213349345596119,0.2,12.0
PH00993,PH00098,0,0.0,0.0,0.0,0.0,7.0
PH02105,PH01734,0,0.0,0.0,0.0,0.0,2.0
PH03583,PH00373,0,0.0,0.0,0.0,0.0,4.0
PH00021,PH02791,0,0.0,0.0,0.0,0.0,9.0
PH01579,PH03598,0,1.0,0.2,0.9102392266268373,0.3333333333333333,9.0
PH04427,PH02476,0,0.0,0.0,0.0,0.0,12.0
PH01341,PH03197,0,0.0,0.0,0.0,0.0,2.0
PH00169,PH01985,0,0.0,0.0,0.0,0.0,4.0
PH02412,PH01432,0,0.0,0.0,0.0,0.0,6.0
PH02561,PH03690,0,1.0,0.1,0.5581106265512472,0.16666666666666666,28.0
PH01622,PH02962,0,0.0,0.0,0.0,0.0,25.0
PH00822,PH02742,0,0.0,0.0,0.0,0.0,16.0
PH03775,PH01458,0,0.0,0.0,0.0,0.0,9.0
PH02106,PH01659,0,0.0,0.0,0.0,0.0,16.0
PH04461,PH01660,0,1.0,0.09090909090909091,0.7213475204444817,0.25,35.0
PH02244,PH00945,0,0.0,0.0,0.0,0.0,15.0
PH00189,PH03724,0,0.0,0.0,0.0,0.0,8.0
PH00333,PH04133,0,0.0,0.0,0.0,0.0,6.0
PH04256,PH01606,0,0.0,0.0,0.0,0.0,1.0
PH04044,PH04011,0,1.0,0.25,0.9102392266268373,0.3333333333333333,6.0
PH01388,PH02550,0,0.0,0.0,0.0,0.0,20.0
PH00002,PH01375,0,0.0,0.0,0.0,0.0,3.0
PH01784,PH02974,0,0.0,0.0,0.0,0.0,12.0
PH02697,PH02435,0,0.0,0.0,0.0,0.0,12.0
PH03118,PH02604,0,1.0,0.2,0.9102392266268373,0.3333333333333333,9.0
PH03746,PH00424,0,0.0,0.0,0.0,0.0,6.0
PH04274,PH00173,0,0.0,0.0,0.0,0.0,8.0
PH01831,PH01374,0,0.0,0.0,0.0,0.0,4.0
PH02669,PH00675,0,0.0,0.0,0.0,0.0,2.0
PH00354,PH00374,0,1.0,0.2,0.6213349345596119,0.2,5.0
PH02802,PH02155,0,0.0,0.0,0.0,0.0,3.0
PH02357,PH02134,0,0.0,0.0,0.0,0.0,3.0
PH01369,PH04097,0,0.0,0.0,0.0,0.0,10.0
PH01582,PH00644,0,0.0,0.0,0.0,0.0,25.0
PH03608,PH02722,0,1.0,0.16666666666666666,0.7213475204444817,0.25,10.0
PH02089,PH02601,0,0.0,0.0,0.0,0.0,24.0
PH00331,PH00263,0,0.0,0.0,0.0,0.0,6.0
PH02082,PH02289,0,0.0,0.0,0.0,0.0,12.0
PH01396,PH03255,0,0.0,0.0,0.0,0.0,2.0
PH02292,PH02597,0,1.0,0.1,0.5138983423697507,0.14285714285714285,30.0
PH02290,PH02406,0,0.0,0.0,0.0,0.0,9.0
PH00379,PH01794,0,0.0,0.0,0.0,0.0,12.0
PH03189,PH04026,0,0.0,0.0,0.0,0.0,2.0
PH03408,PH00502,0,0.0,0.0,0.0,0.0,4.0
PH02747,PH02649,0,1.0,0.1,0.5138983423697507,0.14285714285714285,28.0
PH03425,PH01799,0,0.0,0.0,0.0,0.0,18.0
PH01844,PH02080,0,0.0,0.0,0.0,0.0,9.0
PH02143,PH00848,0,0.0,0.0,0.0,0.0,8.0
PH01697,PH01934,0,0.0,0.0,0.0,0.0,8.0
PH02739,PH03160,0,1.0,0.16666666666666666,0.9102392266268373,0.3333333333333333,12.0
PH03384,PH03275,0,0.0,0.0,0.0,0.0,12.0
PH02291,PH02732,0,0.0,0.0,0.0,0.0,1.0
PH01100,PH00400,0,0.0,0.0,0.0,0.0,20.0
PH03405,PH01446,0,0.0,0.0,0.0,0.0,3.0
PH03799,PH01672,0,1.0,0.125,0.48089834696298783,0.125,14.0
PH02994,PH02885,0,0.0,0.0,0.0,0.0,4.0
PH01116,PH03879,0,0.0,0.0,0.0,0.0,3.0
PH04154,PH02628,0,0.0,0.0,0.0,0.0,30.0
PH03950,PH00811,0,0.0,0.0,0.0,0.0,4.0
PH00965,PH00715,0,1.0,0.2,0.6213349345596119,0.2,8.0
PH00973,PH03110,0,0.0,0.0,0.0,0.0,6.0
PH03200,PH00902,0,0.0,0.0,0.0,0.0,9.0
PH03206,PH00417,0,0.0,0.0,0.0,0.0,8.0
PH01668,PH00938,0,0.0,0.0,0.0,0.0,10.0
PH03343,PH04391,0,1.0,0.16666666666666666,0.9102392266268373,0.3333333333333333,12.0
PH02273,PH02236,0,0.0,0.0,0.0,0.0,6.0
PH03138,PH02562,0,0.0,0.0,0.0,0.0,6.0
PH00058,PH02468,0,0.0,0.0,0.0,0.0,18.0
PH02422,PH01528,0,0.0,0.0,0.0,0.0,12.0
PH01092,PH02794,0,1.0,0.1111111111111111,0.9102392266268373,0.3333333333333333,25.0
PH00674,PH03952,0,0.0,0.0,0.0,0.0,4.0
PH01646,PH03221,0,0.0,0.0,0.0,0.0,15.0
PH02234,PH03132,0,0.0,0.0,0.0,0.0,8.0
PH01203,PH02836,0,0.0,0.0,0.0,0.0,35.0
PH00890,PH00330,0,1.0,0.14285714285714285,0.6213349345596119,0.2,12.0
PH01721,PH02229,0,0.0,0.0,0.0,0.0,10.0
PH00638,PH02126,0,0.0,0.0,0.0,0.0,12.0
PH00019,PH03739,0,0.0,0.0,0.0,0.0,12.0
PH03612,PH02502,0,0.0,0.0,0.0,0.0,9.0
PH02018,PH03542,0,1.0,0.2,0.7213475204444817,0.25,8.0
PH04082,PH03207,0,0.0,0.0,0.0,0.0,20.0
PH03517,PH02677,0,0.0,0.0,0.0,0.0,6.0
PH00991,PH00480,0,0.0,0.0,0.0,0.0,3.0
PH01162,PH03096,0,0.0,0.0,0.0,0.0,24.0
PH00118,PH01636,0,1.0,0.09090909090909091,0.7213475204444817,0.25,36.0
PH03001,PH01297,0,0.0,0.0,0.0,0.0,4.0
PH03770,PH03092,0,0.0,0.0,0.0,0.0,25.0
PH02056,PH03624,0,0.0,0.0,0.0,0.0,35.0
PH01658,PH04444,0,0.0,0.0,0.0,0.0,8.0
PH02972,PH02433,0,1.0,0.25,1.4426950408889634,0.5,4.0
PH01950,PH00491,0,0.0,0.0,0.0,0.0,20.0
PH02962,PH02147,0,0.0,0.0,0.0,0.0,10.0
PH03068,PH03096,0,0.0,0.0,0.0,0.0,18.0
PH01115,PH01187,0,0.0,0.0,0.0,0.0,8.0
PH01392,PH00700,0,1.0,0.25,0.7213475204444817,0.25,6.0
PH00327,PH00552,0,0.0,0.0,0.0,0.0,42.0
PH01869,PH03094,0,0.0,0.0,0.0,0.0,6.0
PH00634,PH03035,0,0.0,0.0,0.0,0.0,6.0
PH04428,PH02627,0,0.0,0.0,0.0,0.0,9.0
PH01554,PH03663,0,1.0,0.14285714285714285,0.6213349345596119,0.2,12.0
PH00114,PH01318,0,0.0,0.0,0.0,0.0,16.0
PH00553,PH02942,0,0.0,0.0,0.0,0.0,8.0
PH03359,PH03844,0,0.0,0.0,0.0,0.0,12.0
PH02676,PH03681,0,0.0,0.0,0.0,0.0,20.0
PH03214,PH02692,0,1.0,0.1,0.5581106265512472,0.16666666666666666,30.0
PH04113,PH00470,0,0.0,0.0,0.0,0.0,16.0
PH03299,PH01937,0,0.0,0.0,0.0,0.0,15.0
PH02559,PH03257,0,0.0,0.0,0.0,0.0,3.0
PH03771,PH02101,0,0.0,0.0,0.0,0.0,6.0
PH00595,PH02461,0,1.0,0.16666666666666666,0.7213475204444817,0.25,12.0
PH03093,PH01971,0,0.0,0.0,0.0,0.0,9.0
PH01869,PH03018,0,0.0,0.0,0.0,0.0,9.0
PH03232,PH00205,0,0.0,0.0,0.0,0.0,1.0
PH03306,PH04455,0,0.0,0.0,0.0,0.0,1.0
PH02318,PH01306,0,2.0,0.18181818181818182,1.531574161186449,0.5333333333333333,42.0
PH00741,PH01616,0,0.0,0.0,0.0,0.0,36.0
PH03332,PH02267,0,0.0,0.0,0.0,0.0,5.0
PH03653,PH00798,0,0.0,0.0,0.0,0.0,15.0
PH03693,PH02138,0,0.0,0.0,0.0,0.0,4.0
PH02074,PH03831,0,1.0,0.07692307692307693,0.6213349345596119,0.2,40.0
PH00380,PH01320,0,0.0,0.0,0.0,0.0,9.0
PH01522,PH00685,0,0.0,0.0,0.0,0.0,12.0
PH03953,PH01408,0,0.0,0.0,0.0,0.0,5.0
PH00090,PH03744,0,0.0,0.0,0.0,0.0,8.0
PH00798,PH01306,0,1.0,0.1,0.6213349345596119,0.2,30.0
PH02437,PH04460,0,0.0,0.0,0.0,0.0,12.0
PH03550,PH00143,0,0.0,0.0,0.0,0.0,8.0
PH04309,PH02415,0,0.0,0.0,0.0,0.0,5.0
PH04086,PH01250,0,0.0,0.0,0.0,0.0,4.0
PH04212,PH01539,0,1.0,0.14285714285714285,0.5581106265512472,0.16666666666666666,7.0
PH01724,PH02447,0,0.0,0.0,0.0,0.0,20.0
PH03068,PH01493,0,0.0,0.0,0.0,0.0,3.0
PH03175,PH01156,0,0.0,0.0,0.0,0.0,24.0
PH00313,PH04024,0,0.0,0.0,0.0,0.0,2.0
PH01444,PH02734,0,1.0,0.3333333333333333,0.5138983423697507,0.14285714285714285,4.0
PH01436,PH03437,0,0.0,0.0,0.0,0.0,6.0
PH03741,PH00700,0,0.0,0.0,0.0,0.0,6.0
PH03969,PH04066,0,0.0,0.0,0.0,0.0,2.0
PH01813,PH00582,0,0.0,0.0,0.0,0.0,10.0
PH02505,PH00105,0,1.0,0.3333333333333333,0.6213349345596119,0.2,3.0
PH00169,PH01267,0,0.0,0.0,0.0,0.0,2.0
PH02875,PH01285,0,0.0,0.0,0.0,0.0,4.0
PH02904,PH00661,0,0.0,0.0,0.0,0.0,6.0
PH00900,PH04155,0,0.0,0.0,0.0,0.0,12.0
PH02941,PH01912,0,1.0,0.125,0.7213475204444817,0.25,20.0
PH01225,PH04375,0,0.0,0.0,0.0,0.0,3.0
PH00173,PH01425,0,0.0,0.0,0.0,0.0,8.0
PH04085,PH01117,0,0.0,0.0,0.0,0.0,12.0
PH02152,PH02403,0,0.0,0.0,0.0,0.0,12.0
PH04204,PH04316,0,1.0,0.14285714285714285,0.9102392266268373,0.3333333333333333,16.0
PH04379,PH00581,0,0.0,0.0,0.0,0.0,6.0
PH00626,PH04051,0,0.0,0.0,0.0,0.0,15.0
PH04380,PH01698,0,0.0,0.0,0.0,0.0,6.0
PH00798,PH01257,0,0.0,0.0,0.0,0.0,15.0
PH04360,PH04286,0,1.0,0.125,0.7213475204444817,0.25,14.0
PH00779,PH00284,0,0.0,0.0,0.0,0.0,4.0
PH03907,PH03221,0,0.0,0.0,0.0,0.0,25.0
PH01954,PH00645,0,0.0,0.0,0.0,0.0,10.0
PH03783,PH03308,0,0.0,0.0,0.0,0.0,1.0
PH02666,PH03062,0,1.0,0.16666666666666666,0.9102392266268373,0.3333333333333333,12.0
PH00453,PH02188,0,0.0,0.0,0.0,0.0,8.0
PH03427,PH02749,0,0.0,0.0,0.0,0.0,1.0
PH01476,PH02749,0,0.0,0.0,0.0,0.0,3.0
PH04178,PH02227,0,0.0,0.0,0.0,0.0,12.0
PH01394,PH01039,0,1.0,0.125,0.7213475204444817,0.25,8.0
PH00457,PH02338,0,0.0,0.0,0.0,0.0,15.0
PH02939,PH03353,0,0.0,0.0,0.0,0.0,12.0
PH02081,PH00406,0,0.0,0.0,0.0,0.0,2.0
PH01858,PH04422,0,0.0,0.0,0.0,0.0,21.0
PH03572,PH01237,0,1.0,0.125,0.9102392266268373,0.3333333333333333,20.0
PH04181,PH03491,0,0.0,0.0,0.0,0.0,9.0
PH00190,PH02507,0,0.0,0.0,0.0,0.0,20.0
PH00523,PH00055,0,0.0,0.0,0.0,0.0,1.0
PH04345,PH00551,0,0.0,0.0,0.0,0.0,5.0
PH00904,PH01847,0,1.0,0.14285714285714285,0.5138983423697507,0.14285714285714285,7.0
PH04330,PH00378,0,0.0,0.0,0.0,0.0,6.0
PH03417,PH03513,0,0.0,0.0,0.0,0.0,6.0
PH02270,PH04157,0,0.0,0.0,0.0,0.0,12.0
PH02112,PH03493,0,0.0,0.0,0.0,0.0,8.0
PH04297,PH02428,0,1.0,0.16666666666666666,0.9102392266268373,0.3333333333333333,10.0
PH02463,PH01848,0,0.0,0.0,0.0,0.0,8.0
PH04053,PH04046,0,0.0,0.0,0.0,0.0,18.0
PH02305,PH02882,0,0.0,0.0,0.0,0.0,4.0
PH02539,PH03763,0,0.0,0.0,0.0,0.0,8.0
PH02814,PH04311,0,1.0,0.1111111111111111,0.6213349345596119,0.2,16.0
PH01232,PH02863,0,0.0,0.0,0.0,0.0,18.0
PH02519,PH01818,0,0.0,0.0,0.0,0.0,2.0
PH02106,PH04328,0,0.0,0.0,0.0,0.0,8.0
PH02379,PH03927,0,0.0,0.0,0.0,0.0,1.0
PH00126,PH00605,0,1.0,0.2,0.7213475204444817,0.25,9.0
PH00998,PH03088,0,0.0,0.0,0.0,0.0,4.0
PH00175,PH01785,0,0.0,0.0,0.0,0.0,3.0
PH00196,PH02907,0,0.0,0.0,0.0,0.0,10.0
PH02515,PH00740,0,0.0,0.0,0.0,0.0,10.0
PH03188,PH00528,0,1.0,0.25,0.48089834696298783,0.125,6.0
PH03736,PH00747,0,0.0,0.0,0.0,0.0,3.0
PH00847,PH00686,0,0.0,0.0,0.0,0.0,36.0
PH00955,PH04317,0,0.0,0.0,0.0,0.0,6.0
PH02280,PH03060,0,0.0,0.0,0.0,0.0,12.0
PH01925,PH00833,0,1.0,0.08333333333333333,0.7213475204444817,0.25,42.0
PH02815,PH02028,0,0.0,0.0,0.0,0.0,1.0
PH03720,PH02541,0,0.0,0.0,0.0,0.0,12.0
PH02201,PH02041,0,0.0,0.0,0.0,0.0,14.0
PH03095,PH03757,0,0.0,0.0,0.0,0.0,6.0
PH04219,PH04021,0,1.0,0.14285714285714285,1.4426950408889634,0.5,16.0
PH00722,PH00585,0,0.0,0.0,0.0,0.0,3.0
PH00971,PH04308,0,0.0,0.0,0.0,0.0,32.0
PH02164,PH00794,0,0.0,0.0,0.0,0.0,15.0
PH03180,PH01478,0,0.0,0.0,0.0,0.0,25.0
PH02662,PH01223,0,1.0,0.2,0.5138983423697507,0.14285714285714285,9.0
PH01463,PH01377,0,0.0,0.0,0.0,0.0,8.0
PH03893,PH02993,0,0.0,0.0,0.0,0.0,5.0
PH04261,PH02611,0,0.0,0.0,0.0,0.0,4.0
PH04055,PH00286,0,0.0,0.0,0.0,0.0,3.0
PH00510,PH00334,0,1.0,0.25,0.6213349345596119,0.2,4.0
PH02346,PH03871,0,0.0,0.0,0.0,0.0,3.0
PH00912,PH00331,0,0.0,0.0,0.0,0.0,15.0
PH04345,PH01011,0,0.0,0.0,0.0,0.0,3.0
PH01739,PH00024,0,0.0,0.0,0.0,0.0,6.0
PH00766,PH03174,0,1.0,0.14285714285714285,0.6213349345596119,0.2,16.0
PH03651,PH02389,0,0.0,0.0,0.0,0.0,4.0
PH01954,PH01622,0,0.0,0.0,0.0,0.0,10.0
PH00661,PH03146,0,0.0,0.0,0.0,0.0,8.0
PH04038,PH00220,0,0.0,0.0,0.0,0.0,4.0
PH03108,PH02887,0,1.0,0.16666666666666666,1.4426950408889634,0.5,10.0
PH02553,PH01572,0,0.0,0.0,0.0,0.0,6.0
PH01419,PH04381,0,0.0,0.0,0.0,0.0,12.0
PH01709,PH00613,0,0.0,0.0,0.0,0.0,8.0
PH04128,PH02224,0,0.0,0.0,0.0,0.0,8.0
PH01660,PH02892,0,1.0,0.125,0.5581106265512472,0.16666666666666666,14.0
PH03568,PH01162,0,0.0,0.0,0.0,0.0,16.0
PH01143,PH01997,0,0.0,0.0,0.0,0.0,8.0
PH01947,PH03030,0,0.0,0.0,0.0,0.0,3.0
PH01309,PH03316,0,0.0,0.0,0.0,0.0,6.0
PH02402,PH04212,0,1.0,0.09090909090909091,0.5581106265512472,0.16666666666666666,35.0
PH03721,PH01803,0,0.0,0.0,0.0,0.0,1.0
PH01583,PH01693,0,0.0,0.0,0.0,0.0,9.0
PH02228,PH03076,0,0.0,0.0,0.0,0.0,9.0
PH04292,PH01739,0,0.0,0.0,0.0,0.0,4.0
PH04059,PH01289,0,1.0,0.1,0.6213349345596119,0.2,28.0
PH02957,PH00338,0,0.0,0.0,0.0,0.0,12.0
PH01658,PH00025,0,0.0,0.0,0.0,0.0,8.0
PH00734,PH00577,0,0.0,0.0,0.0,0.0,3.0
PH02685,PH02552,0,0.0,0.0,0.0,0.0,15.0
PH01129,PH02778,0,1.0,0.14285714285714285,0.6213349345596119,0.2,16.0
PH03758,PH02162,0,0.0,0.0,0.0,0.0,6.0
PH01615,PH04321,0,0.0,0.0,0.0,0.0,15.0
PH02065,PH04230,0,0.0,0.0,0.0,0.0,6.0
PH02456,PH04143,0,0.0,0.0,0.0,0.0,12.0
PH02443,PH03798,0,1.0,0.16666666666666666,0.7213475204444817,0.25,10.0
PH02346,PH03969,0,0.0,0.0,0.0,0.0,3.0
PH03372,PH00588,0,0.0,0.0,0.0,0.0,6.0
PH04401,PH04316,0,0.0,0.0,0.0,0.0,4.0
PH02702,PH04213,0,0.0,0.0,0.0,0.0,6.0
PH03549,PH02477,0,1.0,0.125,0.5581106265512472,0.16666666666666666,20.0
PH04495,PH00649,0,0.0,0.0,0.0,0.0,10.0
PH01770,PH03180,0,0.0,0.0,0.0,0.0,30.0
PH02522,PH02836,0,0.0,0.0,0.0,0.0,35.0
PH00468,PH00879,0,0.0,0.0,0.0,0.0,20.0
PH02475,PH04359,0,1.0,0.1,0.9102392266268373,0.3333333333333333,30.0
PH04224,PH03169,0,0.0,0.0,0.0,0.0,10.0
PH03579,PH02863,0,0.0,0.0,0.0,0.0,30.0
PH00402,PH02308,0,0.0,0.0,0.0,0.0,8.0
PH03046,PH00943,0,0.0,0.0,0.0,0.0,4.0
PH01053,PH00506,0,1.0,0.16666666666666666,0.9102392266268373,0.3333333333333333,12.0
PH02462,PH03960,0,0.0,0.0,0.0,0.0,9.0
PH03941,PH03132,0,0.0,0.0,0.0,0.0,8.0
PH04076,PH01198,0,0.0,0.0,0.0,0.0,18.0
PH03083,PH02517,0,0.0,0.0,0.0,0.0,1.0
PH02452,PH04112,0,1.0,0.2,0.9102392266268373,0.3333333333333333,8.0
PH03297,PH02132,0,0.0,0.0,0.0,0.0,16.0
PH01767,PH02710,0,0.0,0.0,0.0,0.0,9.0
PH03699,PH02973,0,0.0,0.0,0.0,0.0,1.0
PH02233,PH01004,0,0.0,0.0,0.0,0.0,10.0
PH01072,PH01898,0,1.0,0.25,1.4426950408889634,0.5,6.0
PH01746,PH02343,0,0.0,0.0,0.0,0.0,24.0
PH03960,PH02384,0,0.0,0.0,0.0,0.0,9.0
PH01883,PH04104,0,0.0,0.0,0.0,0.0,6.0
PH00283,PH04261,0,0.0,0.0,0.0,0.0,4.0
PH03851,PH02633,0,1.0,0.25,0.5581106265512472,0.16666666666666666,6.0
PH00820,PH00972,0,0.0,0.0,0.0,0.0,5.0
PH03465,PH03585,0,0.0,0.0,0.0,0.0,18.0
PH00285,PH00179,0,0.0,0.0,0.0,0.0,20.0
PH01979,PH01535,0,0.0,0.0,0.0,0.0,10.0
PH00090,PH04234,0,1.0,0.1111111111111111,0.7213475204444817,0.25,24.0
PH02834,PH00892,0,0.0,0.0,0.0,0.0,6.0
PH01060,PH01188,0,0.0,0.0,0.0,0.0,4.0
PH04360,PH02912,0,0.0,0.0,0.0,0.0,28.0
PH00451,PH00484,0,0.0,0.0,0.0,0.0,12.0
PH01355,PH04000,0,1.0,0.16666666666666666,0.5581106265512472,0.16666666666666666,12.0
PH01979,PH01292,0,0.0,0.0,0.0,0.0,20.0
PH01242,PH00973,0,0.0,0.0,0.0,0.0,6.0
PH02889,PH01736,0,0.0,0.0,0.0,0.0,12.0
PH00758,PH02737,0,0.0,0.0,0.0,0.0,9.0
PH04181,PH04099,0,1.0,0.25,0.7213475204444817,0.25,6.0
PH00017,PH03850,0,0.0,0.0,0.0,0.0,6.0
PH00996,PH00982,0,0.0,0.0,0.0,0.0,25.0
PH03621,PH04296,0,0.0,0.0,0.0,0.0,16.0
PH03878,PH00968,0,0.0,0.0,0.0,0.0,24.0
PH03891,PH04364,0,1.0,0.3333333333333333,0.7213475204444817,0.25,4.0
PH00512,PH00700,0,0.0,0.0,0.0,0.0,4.0
PH00988,PH02352,0,0.0,0.0,0.0,0.0,6.0
PH01313,PH02688,0,0.0,0.0,0.0,0.0,4.0
PH02795,PH01891,0,0.0,0.0,0.0,0.0,3.0
PH00226,PH03185,0,1.0,0.16666666666666666,0.5581106265512472,0.16666666666666666,10.0
PH04156,PH02629,0,0.0,0.0,0.0,0.0,2.0
PH02404,PH01082,0,0.0,0.0,0.0,0.0,6.0
PH02139,PH01042,0,0.0,0.0,0.0,0.0,16.0
PH04410,PH03367,0,0.0,0.0,0.0,0.0,4.0
PH00428,PH03461,0,1.0,0.16666666666666666,1.4426950408889634,0.5,10.0
PH02535,PH01855,0,0.0,0.0,0.0,0.0,12.0
PH01189,PH03282,0,0.0,0.0,0.0,0.0,20.0
PH01979,PH00129,0,0.0,0.0,0.0,0.0,10.0
PH02225,PH01254,0,0.0,0.0,0.0,0.0,16.0
PH01748,PH00178,0,1.0,0.2,0.9102392266268373,0.3333333333333333,5.0
PH03653,PH04041,0,0.0,0.0,0.0,0.0,6.0
PH04495,PH01030,0,0.0,0.0,0.0,0.0,5.0
PH01595,PH03284,0,0.0,0.0,0.0,0.0,24.0
PH02721,PH03221,0,0.0,0.0,0.0,0.0,20.0
PH01394,PH00405,0,1.0,0.125,0.7213475204444817,0.25,8.0
PH01159,PH01899,0,0.0,0.0,0.0,0.0,6.0
PH02354,PH03380,0,0.0,0.0,0.0,0.0,32.0
PH03327,PH04013,0,0.0,0.0,0.0,0.0,9.0
PH02207,PH03318,0,0.0,0.0,0.0,0.0,12.0
PH00187,PH00852,0,1.0,0.16666666666666666,0.48089834696298783,0.125,12.0
PH04474,PH01252,0,0.0,0.0,0.0,0.0,8.0
PH02812,PH02304,0,0.0,0.0,0.0,0.0,10.0
PH00426,PH02633,0,0.0,0.0,0.0,0.0,3.0
PH03522,PH02315,0,0.0,0.0,0.0,0.0,6.0
PH02825,PH04098,0,1.0,0.5,0.9102392266268373,0.3333333333333333,2.0
PH00262,PH01117,0,0.0,0.0,0.0,0.0,9.0
PH01861,PH03640,0,0.0,0.0,0.0,0.0,4.0
PH02646,PH04174,0,0.0,0.0,0.0,0.0,12.0
PH00290,PH01322,0,0.0,0.0,0.0,0.0,4.0
PH01015,PH02838,0,1.0,1.0,0.5581106265512472,0.16666666666666666,1.0
PH01845,PH02778,0,0.0,0.0,0.0,0.0,8.0
PH03578,PH02697,0,0.0,0.0,0.0,0.0,8.0
PH02839,PH01753,0,0.0,0.0,0.0,0.0,8.0
PH00011,PH00856,0,0.0,0.0,0.0,0.0,1.0
PH01335,PH01731,0,1.0,0.16666666666666666,0.5138983423697507,0.14285714285714285,12.0
PH01505,PH04046,0,0.0,0.0,0.0,0.0,18.0
PH03356,PH03548,0,0.0,0.0,0.0,0.0,1.0
PH00412,PH01665,0,0.0,0.0,0.0,0.0,2.0
PH03114,PH02546,0,0.0,0.0,0.0,0.0,8.0
PH00183,PH01496,0,1.0,0.25,0.9102392266268373,0.3333333333333333,6.0
PH03159,PH03658,0,0.0,0.0,0.0,0.0,6.0
PH00714,PH00674,0,0.0,0.0,0.0,0.0,16.0
PH01499,PH02779,0,0.0,0.0,0.0,0.0,10.0
PH02932,PH01222,0,0.0,0.0,0.0,0.0,4.0
PH00101,PH01767,0,1.0,0.2,0.7213475204444817,0.25,9.0
PH01225,PH01204,0,0.0,0.0,0.0,0.0,3.0
PH03142,PH01012,0,0.0,0.0,0.0,0.0,2.0
PH01625,PH02436,0,0.0,0.0,0.0,0.0,8.0
PH00494,PH01387,0,0.0,0.0,0.0,0.0,15.0
PH01579,PH03598,0,1.0,0.2,0.9102392266268373,0.3333333333333333,9.0
PH01360,PH02515,0,0.0,0.0,0.0,0.0,10.0
PH01476,PH00309,0,0.0,0.0,0.0,0.0,3.0
PH01004,PH00021,0,0.0,0.0,0.0,0.0,6.0
PH01331,PH03868,0,0.0,0.0,0.0,0.0,12.0
PH00563,PH00082,0,1.0,0.125,0.7213475204444817,0.25,20.0
PH02216,PH01740,0,0.0,0.0,0.0,0.0,3.0
PH01758,PH01522,0,0.0,0.0,0.0,0.0,2.0
PH00791,PH01793,0,0.0,0.0,0.0,0.0,2.0
PH03184,PH04481,0,0.0,0.0,0.0,0.0,6.0
PH02526,PH01620,0,1.0,0.16666666666666666,0.7213475204444817,0.25,12.0
PH00070,PH00853,0,0.0,0.0,0.0,0.0,16.0
PH01841,PH02571,0,0.0,0.0,0.0,0.0,2.0
PH03774,PH00301,0,0.0,0.0,0.0,0.0,6.0
PH00475,PH04070,0,0.0,0.0,0.0,0.0,2.0
PH01451,PH04400,0,1.0,0.1,0.5581106265512472,0.16666666666666666,30.0
PH00595,PH00600,0,0.0,0.0,0.0,0.0,9.0
PH01689,PH01250,0,0.0,0.0,0.0,0.0,10.0
PH01222,PH04049,0,0.0,0.0,0.0,0.0,12.0
PH03980,PH04434,0,0.0,0.0,0.0,0.0,24.0
PH03711,PH01184,0,1.0,0.1111111111111111,0.6213349345596119,0.2,25.0
PH00339,PH04013,0,0.0,0.0,0.0,0.0,6.0
PH00841,PH02455,0,0.0,0.0,0.0,0.0,4.0
PH00422,PH03618,0,0.0,0.0,0.0,0.0,12.0
PH04407,PH00539,0,0.0,0.0,0.0,0.0,6.0
PH01232,PH00942,0,1.0,0.3333333333333333,0.5581106265512472,0.16666666666666666,3.0
PH03940,PH04053,0,0.0,0.0,0.0,0.0,3.0
PH00007,PH02974,0,0.0,0.0,0.0,0.0,6.0
PH03603,PH01775,0,0.0,0.0,0.0,0.0,4.0
PH02286,PH03409,0,0.0,0.0,0.0,0.0,21.0
PH03557,PH00206,0,1.0,0.14285714285714285,0.5581106265512472,0.16666666666666666,12.0
PH00919,PH00755,0,0.0,0.0,0.0,0.0,8.0
PH01239,PH00046,0,0.0,0.0,0.0,0.0,4.0
PH02576,PH03599,0,0.0,0.0,0.0,0.0,20.0
PH03191,PH00084,0,0.0,0.0,0.0,0.0,12.0
PH03610,PH01419,0,1.0,0.16666666666666666,1.4426950408889634,0.5,12.0
PH01353,PH03508,0,0.0,0.0,0.0,0.0,12.0
PH02740,PH00171,0,0.0,0.0,0.0,0.0,12.0
PH00080,PH01192,0,0.0,0.0,0.0,0.0,8.0
PH01960,PH00389,0,0.0,0.0,0.0,0.0,12.0
PH03559,PH02139,0,1.0,0.2,0.5138983423697507,0.14285714285714285,8.0
PH03609,PH01997,0,0.0,0.0,0.0,0.0,8.0
PH04053,PH01865,0,0.0,0.0,0.0,0.0,6.0
PH01878,PH03487,0,0.0,0.0,0.0,0.0,12.0
PH00164,PH03896,0,0.0,0.0,0.0,0.0,15.0
PH00068,PH01942,0,1.0,0.25,1.4426950408889634,0.5,6.0
PH03326,PH00231,0,0.0,0.0,0.0,0.0,20.0
PH00326,PH00458,0,0.0,0.0,0.0,0.0,5.0
PH03642,PH01056,0,0.0,0.0,0.0,0.0,6.0
PH02057,PH02637,0,0.0,0.0,0.0,0.0,8.0
PH04007,PH02584,0,1.0,0.1,0.45511961331341866,0.1111111111111111,24.0
PH00055,PH01964,0,0.0,0.0,0.0,0.0,4.0
PH00659,PH02560,0,0.0,0.0,0.0,0.0,5.0
PH02080,PH01921,0,0.0,0.0,0.0,0.0,6.0
PH04392,PH03621,0,0.0,0.0,0.0,0.0,4.0
PH01925,PH02611,0,1.0,0.14285714285714285,0.6213349345596119,0.2,12.0
PH01521,PH04051,0,0.0,0.0,0.0,0.0,6.0
PH04111,PH01178,0,0.0,0.0,0.0,0.0,4.0
PH02301,PH04414,0,0.0,0.0,0.0,0.0,9.0
PH00536,PH01047,0,0.0,0.0,0.0,0.0,10.0
PH02415,PH03602,0,1.0,0.14285714285714285,0.5581106265512472,0.16666666666666666,15.0
PH02950,PH02596,0,0.0,0.0,0.0,0.0,15.0
PH02907,PH02090,0,0.0,0.0,0.0,0.0,20.0
PH00805,PH03662,0,0.0,0.0,0.0,0.0,6.0
PH01187,PH01671,0,0.0,0.0,0.0,0.0,8.0
PH02609,PH00173,0,1.0,0.1111111111111111,0.7213475204444817,0.25,24.0
PH00321,PH02640,0,0.0,0.0,0.0,0.0,5.0
PH02281,PH02224,0,0.0,0.0,0.0,0.0,12.0
PH04008,PH02569,0,0.0,0.0,0.0,0.0,12.0
PH04202,PH03105,0,0.0,0.0,0.0,0.0,4.0
PH03328,PH00482,0,1.0,0.25,0.7213475204444817,0.25,6.0
PH02680,PH01534,0,0.0,0.0,0.0,0.0,12.0
PH04253,PH04273,0,0.0,0.0,0.0,0.0,15.0
PH02255,PH03097,0,0.0,0.0,0.0,0.0,10.0
PH01553,PH02550,0,0.0,0.0,0.0,0.0,20.0
PH04116,PH02841,0,1.0,0.1111111111111111,0.7213475204444817,0.25,25.0
PH04273,PH02703,0,0.0,0.0,0.0,0.0,5.0
PH02056,PH03466,0,0.0,0.0,0.0,0.0,15.0
PH02554,PH03504,0,0.0,0.0,0.0,0.0,4.0
PH00101,PH00139,0,0.0,0.0,0.0,0.0,15.0
PH02277,PH04076,0,1.0,0.16666666666666666,0.6213349345596119,0.2,12.0
PH01947,PH01747,0,0.0,0.0,0.0,0.0,4.0
PH03881,PH02965,0,0.0,0.0,0.0,0.0,3.0
PH03459,PH04461,0,0.0,0.0,0.0,0.0,15.0
PH03418,PH01934,0,0.0,0.0,0.0,0.0,16.0
PH03084,PH01697,0,1.0,0.2,0.6213349345596119,0.2,8.0
PH03737,PH04165,0,0.0,0.0,0.0,0.0,12.0
PH01191,PH02056,0,0.0,0.0,0.0,0.0,5.0
PH00166,PH00979,0,0.0,0.0,0.0,0.0,2.0
PH02029,PH01979,0,0.0,0.0,0.0,0.0,10.0
PH00952,PH02022,0,1.0,0.16666666666666666,0.5581106265512472,0.16666666666666666,12.0
PH02722,PH01453,0,0.0,0.0,0.0,0.0,4.0
PH01557,PH02006,0,0.0,0.0,0.0,0.0,4.0
PH02912,PH03310,0,0.0,0.0,0.0,0.0,24.0
PH03563,PH03271,0,0.0,0.0,0.0,0.0,10.0
PH03911,PH02120,0,1.0,0.1111111111111111,0.48089834696298783,0.125,25.0
PH04085,PH03018,0,0.0,0.0,0.0,0.0,12.0
PH00758,PH02977,0,0.0,0.0,0.0,0.0,12.0
PH02528,PH03587,0,0.0,0.0,0.0,0.0,6.0
PH03053,PH03709,0,0.0,0.0,0.0,0.0,9.0
PH00215,PH03418,0,1.0,0.09090909090909091,0.7213475204444817,0.25,32.0
PH01055,PH00300,0,0.0,0.0,0.0,0.0,12.0
PH03809,PH00891,0,0.0,0.0,0.0,0.0,3.0
PH00826,PH00224,0,0.0,0.0,0.0,0.0,2.0
PH03463,PH00293,0,0.0,0.0,0.0,0.0,6.0
PH04041,PH00833,0,1.0,0.125,0.48089834696298783,0.125,14.0
PH00440,PH03080,0,0.0,0.0,0.0,0.0,2.0
PH03582,PH02164,0,0.0,0.0,0.0,0.0,12.0
PH03036,PH02758,0,0.0,0.0,0.0,0.0,4.0
PH00200,PH02875,0,0.0,0.0,0.0,0.0,6.0
PH03868,PH00733,0,1.0,0.2,0.6213349345596119,0.2,9.0
PH01332,PH01186,0,0.0,0.0,0.0,0.0,10.0
PH03683,PH02842,0,0.0,0.0,0.0,0.0,6.0
PH02391,PH01116,0,0.0,0.0,0.0,0.0,1.0
PH01312,PH01713,0,0.0,0.0,0.0,0.0,2.0
PH00678,PH00243,0,1.0,0.16666666666666666,0.9102392266268373,0.3333333333333333,12.0
PH00300,PH01855,0,0.0,0.0,0.0,0.0,12.0
PH03379,PH00712,0,0.0,0.0,0.0,0.0,12.0
PH03125,PH03659,0,0.0,0.0,0.0,0.0,10.0
PH04166,PH01118,0,0.0,0.0,0.0,0.0,15.0
PH03737,PH03083,0,1.0,0.16666666666666666,0.7213475204444817,0.25,6.0
PH04460,PH03131,0,0.0,0.0,0.0,0.0,6.0
PH00601,PH02899,0,0.0,0.0,0.0,0.0,2.0
PH04092,PH02975,0,0.0,0.0,0.0,0.0,5.0
PH01846,PH03282,0,0.0,0.0,0.0,0.0,20.0
PH03816,PH02968,0,1.0,0.14285714285714285,0.9102392266268373,0.3333333333333333,12.0
PH03857,PH00766,0,0.0,0.0,0.0,0.0,16.0
PH03171,PH03605,0,0.0,0.0,0.0,0.0,9.0
PH00554,PH01452,0,0.0,0.0,0.0,0.0,1.0
PH03088,PH04151,0,0.0,0.0,0.0,0.0,6.0
PH01710,PH00163,0,1.0,0.14285714285714285,0.6213349345596119,0.2,15.0
PH02746,PH01206,0,0.0,0.0,0.0,0.0,3.0
PH04082,PH00875,0,0.0,0.0,0.0,0.0,20.0
PH02261,PH00925,0,0.0,0.0,0.0,0.0,6.0
PH01039,PH03367,0,0.0,0.0,0.0,0.0,2.0
PH00788,PH00523,0,1.0,0.5,0.5581106265512472,0.16666666666666666,2.0
PH01826,PH00683,0,0.0,0.0,0.0,0.0,15.0
PH03470,PH00999,0,0.0,0.0,0.0,0.0,4.0
PH00574,PH00524,0,0.0,0.0,0.0,0.0,4.0
PH04196,PH03176,0,0.0,0.0,0.0,0.0,6.0
PH01849,PH04289,0,1.0,0.14285714285714285,0.9102392266268373,0.3333333333333333,16.0
PH03466,PH01194,0,0.0,0.0,0.0,0.0,3.0
PH02305,PH00156,0,0.0,0.0,0.0,0.0,4.0
PH03508,PH00183,0,0.0,0.0,0.0,0.0,9.0
PH02221,PH00152,0,0.0,0.0,0.0,0.0,4.0
PH03670,PH00016,0,1.0,0.16666666666666666,0.7213475204444817,0.25,12.0
PH02160,PH00238,0,0.0,0.0,0.0,0.0,6.0
PH02915,PH01220,0,0.0,0.0,0.0,0.0,8.0
PH01152,PH04215,0,0.0,0.0,0.0,0.0,16.0
PH00543,PH04495,0,0.0,0.0,0.0,0.0,5.0
PH03397,PH01004,0,1.0,0.2,0.6213349345596119,0.2,8.0
PH00128,PH04435,0,0.0,0.0,0.0,0.0,5.0
PH00552,PH01286,0,0.0,0.0,0.0,0.0,7.0
PH03914,PH03192,0,0.0,0.0,0.0,0.0,8.0
PH04147,PH04291,0,0.0,0.0,0.0,0.0,24.0
PH04316,PH02712,0,1.0,0.14285714285714285,0.5581106265512472,0.16666666666666666,16.0
PH03740,PH01623,0,0.0,0.0,0.0,0.0,1.0
PH03846,PH00719,0,0.0,0.0,0.0,0.0,15.0
PH00109,PH03341,0,0.0,0.0,0.0,0.0,2.0
PH01744,PH01265,0,0.0,0.0,0.0,0.0,4.0
PH03910,PH02331,0,1.0,0.2,0.5581106265512472,0.16666666666666666,8.0
PH04058,PH00699,0,0.0,0.0,0.0,0.0,9.0
PH01045,PH01721,0,0.0,0.0,0.0,0.0,25.0
PH01030,PH01810,0,0.0,0.0,0.0,0.0,2.0
PH03761,PH03740,0,0.0,0.0,0.0,0.0,2.0
PH00884,PH00047,0,1.0,0.14285714285714285,0.5138983423697507,0.14285714285714285,16.0
PH01737,PH01279,0,0.0,0.0,0.0,0.0,3.0
PH02552,PH00423,0,0.0,0.0,0.0,0.0,5.0
PH03530,PH03532,0,0.0,0.0,0.0,0.0,6.0
PH03895,PH03021,0,0.0,0.0,0.0,0.0,8.0
PH04051,PH04302,0,1.0,0.14285714285714285,0.6213349345596119,0.2,15.0
PH00037,PH01396,0,0.0,0.0,0.0,0.0,6.0
PH04351,PH00930,0,0.0,0.0,0.0,0.0,6.0
PH00636,PH01350,0,0.0,0.0,0.0,0.0,6.0
PH01327,PH00661,0,0.0,0.0,0.0,0.0,8.0
PH03164,PH01778,0,1.0,0.2,0.7213475204444817,0.25,9.0
PH01406,PH04373,0,0.0,0.0,0.0,0.0,3.0
PH03791,PH02815,0,0.0,0.0,0.0,0.0,3.0
PH00168,PH03017,0,0.0,0.0,0.0,0.0,30.0
PH01945,PH02772,0,0.0,0.0,0.0,0.0,8.0
PH02742,PH00603,0,1.0,0.14285714285714285,0.5138983423697507,0.14285714285714285,16.0
PH01579,PH01433,0,0.0,0.0,0.0,0.0,12.0
PH04006,PH04499,0,0.0,0.0,0.0,0.0,4.0
PH03943,PH04031,0,0.0,0.0,0.0,0.0,12.0
PH04356,PH01509,0,0.0,0.0,0.0,0.0,8.0
PH00163,PH01691,0,1.0,0.1111111111111111,0.7213475204444817,0.25,25.0
PH01330,PH03414,0,0.0,0.0,0.0,0.0,1.0
PH00766,PH02338,0,0.0,0.0,0.0,0.0,12.0
PH02934,PH01006,0,0.0,0.0,0.0,0.0,15.0
PH02511,PH00247,0,0.0,0.0,0.0,0.0,4.0
PH00940,PH03097,0,1.0,0.5,0.6213349345596119,0.2,2.0
PH00423,PH01197,0,0.0,0.0,0.0,0.0,3.0
PH01624,PH01042,0,0.0,0.0,0.0,0.0,8.0
PH02757,PH03205,0,0.0,0.0,0.0,0.0,15.0
PH00068,PH02810,0,0.0,0.0,0.0,0.0,6.0
PH03608,PH03938,0,1.0,0.125,0.9102392266268373,0.3333333333333333,20.0
PH04027,PH02772,0,0.0,0.0,0.0,0.0,4.0
PH02659,PH02213,0,0.0,0.0,0.0,0.0,2.0
PH01250,PH02108,0,0.0,0.0,0.0,0.0,6.0
PH02938,PH00527,0,0.0,0.0,0.0,0.0,4.0
PH01432,PH02113,0,1.0,0.16666666666666666,0.7213475204444817,0.25,6.0
PH03036,PH01665,0,0.0,0.0,0.0,0.0,8.0
PH02628,PH04301,0,0.0,0.0,0.0,0.0,24.0
PH02078,PH03106,0,0.0,0.0,0.0,0.0,6.0
PH03729,PH01620,0,0.0,0.0,0.0,0.0,6.0
PH03551,PH03353,0,1.0,0.3333333333333333,0.7213475204444817,0.25,3.0
PH02215,PH02011,0,0.0,0.0,0.0,0.0,6.0
PH01095,PH00072,0,0.0,0.0,0.0,0.0,5.0
PH02768,PH02076,0,0.0,0.0,0.0,0.0,9.0
PH00345,PH02495,0,0.0,0.0,0.0,0.0,16.0
PH03310,PH03830,0,1.0,0.1111111111111111,0.7213475204444817,0.25,24.0
PH02821,PH02098,0,0.0,0.0,0.0,0.0,10.0
PH01056,PH03384,0,0.0,0.0,0.0,0.0,9.0
PH03817,PH00301,0,0.0,0.0,0.0,0.0,2.0
PH03221,PH04296,0,0.0,0.0,0.0,0.0,20.0
PH03461,PH04128,0,1.0,0.16666666666666666,0.6213349345596119,0.2,10.0
PH00095,PH00640,0,0.0,0.0,0.0,0.0,4.0
PH00291,PH02852,0,0.0,0.0,0.0,0.0,9.0
PH00023,PH01157,0,0.0,0.0,0.0,0.0,10.0
PH03682,PH00523,0,0.0,0.0,0.0,0.0,4.0
PH01879,PH00219,0,1.0,0.1,0.5138983423697507,0.14285714285714285,30.0
PH01693,PH03952,0,0.0,0.0,0.0,0.0,3.0
PH02042,PH04458,0,0.0,0.0,0.0,0.0,2.0
PH03658,PH02891,0,0.0,0.0,0.0,0.0,12.0
PH00922,PH02731,0,0.0,0.0,0.0,0.0,10.0
PH01839,PH02281,0,1.0,0.2,0.9102392266268373,0.3333333333333333,9.0
PH00615,PH01669,0,0.0,0.0,0.0,0.0,6.0
PH03252,PH00530,0,0.0,0.0,0.0,0.0,6.0
PH03502,PH03052,0,0.0,0.0,0.0,0.0,4.0
PH00393,PH00912,0,0.0,0.0,0.0,0.0,30.0
PH03108,PH01027,0,1.0,0.14285714285714285,0.5138983423697507,0.14285714285714285,15.0
PH03141,PH04072,0,0.0,0.0,0.0,0.0,18.0
PH03053,PH02688,0,0.0,0.0,0.0,0.0,12.0
PH02890,PH00615,0,0.0,0.0,0.0,0.0,6.0
PH01137,PH03259,0,0.0,0.0,0.0,0.0,2.0
PH04422,PH02465,0,1.0,0.14285714285714285,0.9102392266268373,0.3333333333333333,15.0
PH03531,PH04257,0,0.0,0.0,0.0,0.0,5.0
PH00906,PH04446,0,0.0,0.0,0.0,0.0,12.0
PH03267,PH04000,0,0.0,0.0,0.0,0.0,16.0
PH00307,PH02321,0,0.0,0.0,0.0,0.0,6.0
PH02921,PH03598,0,1.0,0.16666666666666666,0.5138983423697507,0.14285714285714285,12.0
PH01327,PH00731,0,0.0,0.0,0.0,0.0,16.0
PH01468,PH00366,0,0.0,0.0,0.0,0.0,6.0
PH01532,PH01285,0,0.0,0.0,0.0,0.0,12.0
PH00630,PH03384,0,0.0,0.0,0.0,0.0,9.0
PH01413,PH00644,0,1.0,0.2,0.5581106265512472,0.16666666666666666,5.0
PH03134,PH04200,0,0.0,0.0,0.0,0.0,9.0
PH01532,PH03256,0,0.0,0.0,0.0,0.0,24.0
PH03575,PH00374,0,0.0,0.0,0.0,0.0,3.0
PH00782,PH00663,0,0.0,0.0,0.0,0.0,32.0
PH00290,PH04080,0,1.0,0.2,0.6213349345596119,0.2,8.0
PH03793,PH04176,0,0.0,0.0,0.0,0.0,1.0
PH00901,PH04251,0,0.0,0.0,0.0,0.0,3.0
PH03487,PH00398,0,0.0,0.0,0.0,0.0,9.0
PH02254,PH02140,0,0.0,0.0,0.0,0.0,5.0
PH01350,PH01691,0,1.0,0.14285714285714285,0.7213475204444817,0.25,15.0
PH02916,PH00516,0,0.0,0.0,0.0,0.0,6.0
PH02756,PH02010,0,0.0,0.0,0.0,0.0,4.0
PH03421,PH01492,0,0.0,0.0,0.0,0.0,12.0
PH02473,PH02840,0,0.0,0.0,0.0,0.0,2.0
PH04085,PH03033,0,1.0,0.125,1.4426950408889634,0.5,20.0
PH01655,PH01143,0,0.0,0.0,0.0,0.0,12.0
PH00831,PH03937,0,0.0,0.0,0.0,0.0,8.0
PH02670,PH00540,0,0.0,0.0,0.0,0.0,12.0
PH02351,PH01537,0,0.0,0.0,0.0,0.0,4.0
PH00466,PH02985,0,1.0,0.09090909090909091,0.7213475204444817,0.25,35.0
PH01649,PH00095,0,0.0,0.0,0.0,0.0,8.0
PH02129,PH01111,0,0.0,0.0,0.0,0.0,9.0
PH01583,PH00166,0,0.0,0.0,0.0,0.0,3.0
PH00365,PH02830,0,0.0,0.0,0.0,0.0,16.0
PH00758,PH00572,0,1.0,0.16666666666666666,0.9102392266268373,0.3333333333333333,12.0
PH04008,PH03387,0,0.0,0.0,0.0,0.0,9.0
PH03423,PH04154,0,0.0,0.0,0.0,0.0,15.0
PH00105,PH04065,0,0.0,0.0,0.0,0.0,5.0
PH02790,PH02009,0,1.0,0.2,0.7213475204444817,0.25,8.0
PH00369,PH03220,0,1.0,0.3333333333333333,0.9102392266268373,0.3333333333333333,3.0
PH03103,PH00497,0,0.0,0.0,0.0,0.0,32.0
PH01428,PH03898,0,0.0,0.0,0.0,0.0,2.0
PH02268,PH02429,0,0.0,0.0,0.0,0.0,4.0
PH03810,PH02246,0,0.0,0.0,0.0,0.0,2.0
PH03659,PH03942,0,1.0,0.25,0.48089834696298783,0.125,6.0
PH03034,PH01959,0,0.0,0.0,0.0,0.0,15.0
PH03055,PH04135,0,0.0,0.0,0.0,0.0,8.0
PH00917,PH00586,0,0.0,0.0,0.0,0.0,6.0
PH00258,PH01460,0,0.0,0.0,0.0,0.0,9.0
PH02299,PH04275,0,1.0,0.1111111111111111,0.5138983423697507,0.14285714285714285,24.0
PH00869,PH02725,0,0.0,0.0,0.0,0.0,15.0
PH00865,PH01255,0,0.0,0.0,0.0,0.0,3.0
PH00869,PH04472,0,0.0,0.0,0.0,0.0,20.0
PH04173,PH01599,0,0.0,0.0,0.0,0.0,30.0
PH02010,PH04004,0,1.0,0.2,0.6213349345596119,0.2,8.0
PH03678,PH02610,0,0.0,0.0,0.0,0.0,25.0
PH02674,PH02300,0,0.0,0.0,0.0,0.0,1.0
PH04328,PH01873,0,0.0,0.0,0.0,0.0,4.0
PH01838,PH02175,0,0.0,0.0,0.0,0.0,4.0
PH00155,PH04101,0,1.0,0.125,0.6213349345596119,0.2,20.0
PH00795,PH02956,0,0.0,0.0,0.0,0.0,20.0
PH01827,PH02515,0,0.0,0.0,0.0,0.0,2.0
PH01490,PH03995,0,0.0,0.0,0.0,0.0,6.0
PH02799,PH01594,0,0.0,0.0,0.0,0.0,4.0
PH00315,PH00947,0,1.0,0.14285714285714285,0.5138983423697507,0.14285714285714285,15.0
PH01970,PH03560,0,0.0,0.0,0.0,0.0,21.0
PH03532,PH03030,0,0.0,0.0,0.0,0.0,9.0
PH03989,PH01771,0,0.0,0.0,0.0,0.0,18.0
PH02492,PH00990,0,0.0,0.0,0.0,0.0,8.0
PH00154,PH03979,0,1.0,0.125,0.9102392266268373,0.3333333333333333,20.0
PH01854,PH02047,0,0.0,0.0,0.0,0.0,25.0
PH02974,PH01753,0,0.0,0.0,0.0,0.0,6.0
PH02894,PH02824,0,0.0,0.0,0.0,0.0,10.0
PH03333,PH01656,0,0.0,0.0,0.0,0.0,15.0
PH02354,PH02804,0,1.0,0.25,0.6213349345596119,0.2,4.0
PH03958,PH02113,0,0.0,0.0,0.0,0.0,3.0
PH03511,PH01380,0,0.0,0.0,0.0,0.0,16.0
PH00656,PH03244,0,0.0,0.0,0.0,0.0,6.0
PH00522,PH03196,0,0.0,0.0,0.0,0.0,15.0
PH02089,PH02514,0,1.0,0.125,0.9102392266268373,0.3333333333333333,8.0
PH02749,PH03129,0,0.0,0.0,0.0,0.0,4.0
PH02809,PH01270,0,0.0,0.0,0.0,0.0,10.0
PH01132,PH00828,0,0.0,0.0,0.0,0.0,10.0
PH04252,PH01329,0,0.0,0.0,0.0,0.0,3.0
PH02611,PH00702,0,1.0,0.5,0.6213349345596119,0.2,2.0
PH01046,PH02623,0,0.0,0.0,0.0,0.0,1.0
PH03764,PH02370,0,0.0,0.0,0.0,0.0,3.0
PH01930,PH01408,0,0.0,0.0,0.0,0.0,15.0
PH01198,PH02352,0,0.0,0.0,0.0,0.0,18.0
PH04416,PH02032,0,1.0,0.2,0.5581106265512472,0.16666666666666666,8.0
PH00022,PH02396,0,0.0,0.0,0.0,0.0,1.0
PH04339,PH01736,0,0.0,0.0,0.0,0.0,6.0
PH01760,PH03812,0,0.0,0.0,0.0,0.0,3.0
PH00826,PH00367,0,0.0,0.0,0.0,0.0,4.0
PH00193,PH00785,0,1.0,0.14285714285714285,0.9102392266268373,0.3333333333333333,15.0
PH02414,PH02704,0,0.0,0.0,0.0,0.0,8.0
PH00068,PH04003,0,0.0,0.0,0.0,0.0,14.0
PH00468,PH03627,0,0.0,0.0,0.0,0.0,4.0
PH01770,PH04414,0,0.0,0.0,0.0,0.0,18.0
PH01101,PH01432,0,1.0,0.125,1.4426950408889634,0.5,18.0
PH02968,PH03343,0,0.0,0.0,0.0,0.0,8.0
PH01931,PH03665,0,0.0,0.0,0.0,0.0,24.0
PH02440,PH03746,0,0.0,0.0,0.0,0.0,4.0
PH00941,PH04055,0,0.0,0.0,0.0,0.0,12.0
PH03743,PH02161,0,1.0,0.16666666666666666,0.6213349345596119,0.2,10.0
PH00318,PH03165,0,0.0,0.0,0.0,0.0,12.0
PH00942,PH03978,0,0.0,0.0,0.0,0.0,1.0
PH02446,PH00088,0,0.0,0.0,0.0,0.0,2.0
PH02716,PH02590,0,0.0,0.0,0.0,0.0,7.0
PH01303,PH02741,0,1.0,0.2,0.5138983423697507,0.14285714285714285,9.0
PH00532,PH02630,0,0.0,0.0,0.0,0.0,12.0
PH01599,PH01918,0,0.0,0.0,0.0,0.0,24.0
PH02948,PH00525,0,0.0,0.0,0.0,0.0,2.0
PH02721,PH01530,0,0.0,0.0,0.0,0.0,12.0
PH00739,PH00305,0,1.0,0.125,0.7213475204444817,0.25,20.0
PH00723,PH02435,0,0.0,0.0,0.0,0.0,12.0
PH03097,PH00120,0,0.0,0.0,0.0,0.0,6.0
PH01046,PH04073,0,0.0,0.0,0.0,0.0,3.0
PH00100,PH02441,0,0.0,0.0,0.0,0.0,15.0
PH03791,PH03487,0,1.0,0.2,0.7213475204444817,0.25,9.0
PH00099,PH02039,0,0.0,0.0,0.0,0.0,10.0
PH04472,PH00561,0,0.0,0.0,0.0,0.0,8.0
PH00123,PH04023,0,0.0,0.0,0.0,0.0,3.0
PH03819,PH02433,0,0.0,0.0,0.0,0.0,3.0
PH02371,PH00515,0,1.0,0.3333333333333333,0.6213349345596119,0.2,3.0
PH01088,PH01942,0,0.0,0.0,0.0,0.0,9.0
PH01823,PH02367,0,0.0,0.0,0.0,0.0,16.0
PH03582,PH02073,0,0.0,0.0,0.0,0.0,16.0
PH00436,PH03137,0,0.0,0.0,0.0,0.0,12.0
PH02787,PH00387,0,1.0,0.16666666666666666,0.5581106265512472,0.16666666666666666,12.0
PH03521,PH00812,0,0.0,0.0,0.0,0.0,20.0
PH02763,PH00851,0,0.0,0.0,0.0,0.0,8.0
PH03770,PH02438,0,0.0,0.0,0.0,0.0,25.0
PH02244,PH00685,0,0.0,0.0,0.0,0.0,30.0
PH02001,PH03540,0,1.0,0.16666666666666666,0.9102392266268373,0.3333333333333333,10.0
PH03879,PH02091,0,0.0,0.0,0.0,0.0,3.0
PH04024,PH01858,0,0.0,0.0,0.0,0.0,7.0
PH01500,PH02059,0,0.0,0.0,0.0,0.0,3.0
PH00882,PH00996,0,0.0,0.0,0.0,0.0,15.0
PH04217,PH03792,0,1.0,0.25,0.6213349345596119,0.2,6.0
PH02220,PH02356,0,0.0,0.0,0.0,0.0,16.0
PH00810,PH03461,0,0.0,0.0,0.0,0.0,10.0
PH02567,PH00507,0,0.0,0.0,0.0,0.0,9.0
PH04408,PH01541,0,0.0,0.0,0.0,0.0,4.0
PH03928,PH03760,0,1.0,0.1111111111111111,0.7213475204444817,0.25,24.0
PH02300,PH01793,0,0.0,0.0,0.0,0.0,1.0
PH01409,PH00418,0,0.0,0.0,0.0,0.0,12.0
PH02041,PH02151,0,0.0,0.0,0.0,0.0,10.0
PH01561,PH00966,0,0.0,0.0,0.0,0.0,15.0
PH01765,PH01599,0,1.0,0.14285714285714285,0.7213475204444817,0.25,12.0
PH01796,PH00040,0,0.0,0.0,0.0,0.0,4.0
PH01390,PH03422,0,0.0,0.0,0.0,0.0,9.0
PH03047,PH01514,0,0.0,0.0,0.0,0.0,10.0
PH02526,PH00548,0,0.0,0.0,0.0,0.0,12.0
PH02144,PH03663,0,1.0,0.25,0.6213349345596119,0.2,6.0
PH03309,PH00385,0,0.0,0.0,0.0,0.0,2.0
PH03267,PH01008,0,0.0,0.0,0.0,0.0,16.0
PH03881,PH01291,0,0.0,0.0,0.0,0.0,8.0
PH00509,PH03946,0,0.0,0.0,0.0,0.0,6.0
PH00318,PH01189,0,1.0,0.1111111111111111,0.6213349345596119,0.2,24.0
PH01298,PH00016,0,0.0,0.0,0.0,0.0,8.0
PH01348,PH00961,0,0.0,0.0,0.0,0.0,8.0
PH00852,PH02617,0,0.0,0.0,0.0,0.0,28.0
PH00474,PH03118,0,0.0,0.0,0.0,0.0,6.0
PH03017,PH02695,0,1.0,0.14285714285714285,1.4426950408889634,0.5,15.0
PH03187,PH02604,0,0.0,0.0,0.0,0.0,9.0
PH00294,PH00108,0,0.0,0.0,0.0,0.0,12.0
PH02456,PH00769,0,0.0,0.0,0.0,0.0,3.0
PH04008,PH02985,0,0.0,0.0,0.0,0.0,15.0
PH00844,PH00639,0,1.0,0.16666666666666666,0.7213475204444817,0.25,12.0
PH03824,PH01362,0,0.0,0.0,0.0,0.0,12.0
PH02018,PH02395,0,0.0,0.0,0.0,0.0,8.0
PH01039,PH02054,0,0.0,0.0,0.0,0.0,1.0
PH00804,PH00931,0,0.0,0.0,0.0,0.0,12.0
PH00391,PH01075,0,1.0,0.2,0.9102392266268373,0.3333333333333333,8.0
PH01503,PH03395,0,0.0,0.0,0.0,0.0,16.0
PH03383,PH02069,0,0.0,0.0,0.0,0.0,5.0
PH01576,PH01523,0,0.0,0.0,0.0,0.0,12.0
PH03817,PH03430,0,0.0,0.0,0.0,0.0,4.0
PH03579,PH01909,0,1.0,0.2,0.7213475204444817,0.25,5.0
PH03877,PH03229,0,0.0,0.0,0.0,0.0,9.0
PH00835,PH03205,0,0.0,0.0,0.0,0.0,12.0
PH02671,PH02874,0,0.0,0.0,0.0,0.0,18.0
PH02553,PH00617,0,0.0,0.0,0.0,0.0,15.0
PH04211,PH00588,0,1.0,0.3333333333333333,0.9102392266268373,0.3333333333333333,3.0
PH03848,PH04388,0,0.0,0.0,0.0,0.0,1.0
PH04207,PH02788,0,0.0,0.0,0.0,0.0,12.0
PH01353,PH01765,0,0.0,0.0,0.0,0.0,8.0
PH00531,PH02807,0,0.0,0.0,0.0,0.0,8.0
PH00476,PH03521,0,1.0,0.16666666666666666,0.7213475204444817,0.25,12.0
PH01223,PH01558,0,0.0,0.0,0.0,0.0,15.0
PH01164,PH01885,0,0.0,0.0,0.0,0.0,10.0
PH04462,PH03801,0,0.0,0.0,0.0,0.0,40.0
PH01106,PH02732,0,0.0,0.0,0.0,0.0,4.0
PH03188,PH04063,0,1.0,0.3333333333333333,1.4426950408889634,0.5,4.0
PH03577,PH04007,0,0.0,0.0,0.0,0.0,6.0
PH02315,PH01323,0,0.0,0.0,0.0,0.0,8.0
PH00390,PH03738,0,0.0,0.0,0.0,0.0,9.0
PH00203,PH01694,0,0.0,0.0,0.0,0.0,1.0
PH00787,PH01981,0,1.0,0.125,0.7213475204444817,0.25,20.0
PH04176,PH00663,0,0.0,0.0,0.0,0.0,4.0
PH03883,PH02250,0,0.0,0.0,0.0,0.0,12.0
PH02175,PH03629,0,0.0,0.0,0.0,0.0,6.0
PH01529,PH01725,0,0.0,0.0,0.0,0.0,15.0
PH04039,PH03843,0,1.0,0.16666666666666666,0.6213349345596119,0.2,12.0
PH03255,PH03752,0,0.0,0.0,0.0,0.0,2.0
PH02461,PH01598,0,0.0,0.0,0.0,0.0,12.0
PH00689,PH02879,0,0.0,0.0,0.0,0.0,10.0
PH01933,PH03192,0,0.0,0.0,0.0,0.0,4.0
PH00804,PH03155,0,1.0,0.14285714285714285,0.7213475204444817,0.25,15.0
PH02654,PH02150,0,0.0,0.0,0.0,0.0,12.0
PH03592,PH03900,0,0.0,0.0,0.0,0.0,20.0
PH02027,PH02665,0,0.0,0.0,0.0,0.0,6.0
PH04341,PH02502,0,0.0,0.0,0.0,0.0,18.0
PH01366,PH01627,0,1.0,0.1111111111111111,0.5581106265512472,0.16666666666666666,24.0
PH01383,PH01397,0,0.0,0.0,0.0,0.0,3.0
PH03632,PH01184,0,0.0,0.0,0.0,0.0,20.0
PH01706,PH01540,0,0.0,0.0,0.0,0.0,24.0
PH00091,PH00348,0,0.0,0.0,0.0,0.0,15.0
PH01005,PH00150,0,1.0,0.2,0.9102392266268373,0.3333333333333333,8.0
PH02711,PH00306,0,0.0,0.0,0.0,0.0,9.0
PH00082,PH03458,0,0.0,0.0,0.0,0.0,16.0
PH02743,PH00097,0,0.0,0.0,0.0,0.0,8.0
PH00545,PH01589,0,0.0,0.0,0.0,0.0,4.0
PH00366,PH00733,0,1.0,0.2,0.6213349345596119,0.2,9.0
PH03697,PH03471,0,0.0,0.0,0.0,0.0,9.0
PH03274,PH02531,0,0.0,0.0,0.0,0.0,2.0
PH01414,PH02196,0,0.0,0.0,0.0,0.0,2.0
PH01567,PH00458,0,0.0,0.0,0.0,0.0,2.0
PH01886,PH01844,0,1.0,0.14285714285714285,0.5581106265512472,0.16666666666666666,15.0
PH02806,PH03070,0,0.0,0.0,0.0,0.0,6.0
PH03722,PH01945,0,0.0,0.0,0.0,0.0,24.0
PH01035,PH02836,0,0.0,0.0,0.0,0.0,25.0
PH02744,PH01244,0,0.0,0.0,0.0,0.0,2.0
PH01182,PH01275,0,1.0,0.16666666666666666,0.7213475204444817,0.25,10.0
PH01188,PH03886,0,0.0,0.0,0.0,0.0,16.0
PH03770,PH01554,0,0.0,0.0,0.0,0.0,30.0
PH02227,PH02895,0,0.0,0.0,0.0,0.0,24.0
PH03597,PH04091,0,0.0,0.0,0.0,0.0,12.0
PH00324,PH02124,0,1.0,0.16666666666666666,0.6213349345596119,0.2,12.0
PH01044,PH01932,0,0.0,0.0,0.0,0.0,12.0
PH00410,PH03281,0,0.0,0.0,0.0,0.0,6.0
PH02216,PH04115,0,0.0,0.0,0.0,0.0,9.0
PH01139,PH01137,0,0.0,0.0,0.0,0.0,4.0
PH00982,PH04465,0,1.0,0.2,0.7213475204444817,0.25,5.0
PH00940,PH01223,0,0.0,0.0,0.0,0.0,3.0
PH03277,PH00997,0,0.0,0.0,0.0,0.0,12.0
PH04329,PH00367,0,0.0,0.0,0.0,0.0,8.0
PH03776,PH02845,0,0.0,0.0,0.0,0.0,6.0
PH02380,PH01542,0,1.0,0.14285714285714285,0.7213475204444817,0.25,15.0
PH02391,PH00196,0,0.0,0.0,0.0,0.0,2.0
PH04233,PH01510,0,0.0,0.0,0.0,0.0,6.0
PH00285,PH00565,0,0.0,0.0,0.0,0.0,5.0
PH04195,PH01778,0,0.0,0.0,0.0,0.0,6.0
PH00786,PH00884,0,1.0,0.125,0.5138983423697507,0.14285714285714285,20.0
PH01444,PH02803,0,0.0,0.0,0.0,0.0,4.0
PH00148,PH03805,0,0.0,0.0,0.0,0.0,6.0
PH02280,PH03839,0,0.0,0.0,0.0,0.0,3.0
PH00620,PH03532,0,0.0,0.0,0.0,0.0,9.0
PH01879,PH02406,0,1.0,0.14285714285714285,0.5138983423697507,0.14285714285714285,15.0
PH00989,PH00193,0,0.0,0.0,0.0,0.0,18.0
PH00399,PH00558,0,0.0,0.0,0.0,0.0,2.0
PH03221,PH01953,0,0.0,0.0,0.0,0.0,25.0
PH00348,PH03793,0,0.0,0.0,0.0,0.0,3.0
PH02355,PH02401,0,1.0,0.3333333333333333,0.6213349345596119,0.2,3.0
PH01770,PH00227,0,0.0,0.0,0.0,0.0,18.0
PH03742,PH02100,0,0.0,0.0,0.0,0.0,6.0
PH02450,PH03250,0,0.0,0.0,0.0,0.0,5.0
PH02694,PH02787,0,0.0,0.0,0.0,0.0,6.0
PH01805,PH03191,0,1.0,0.2,0.6213349345596119,0.2,8.0
PH03520,PH04150,0,0.0,0.0,0.0,0.0,16.0
PH02745,PH00116,0,0.0,0.0,0.0,0.0,16.0
PH02771,PH04282,0,0.0,0.0,0.0,0.0,14.0
PH00667,PH03502,0,0.0,0.0,0.0,0.0,20.0
PH03521,PH01721,0,1.0,0.125,0.5581106265512472,0.16666666666666666,20.0
PH00412,PH03275,0,0.0,0.0,0.0,0.0,4.0
PH01729,PH03108,0,0.0,0.0,0.0,0.0,30.0
PH02981,PH00113,0,0.0,0.0,0.0,0.0,6.0
PH00193,PH03722,0,0.0,0.0,0.0,0.0,9.0
PH00996,PH01095,0,1.0,0.1111111111111111,0.9102392266268373,0.3333333333333333,25.0
PH04138,PH01364,0,0.0,0.0,0.0,0.0,28.0
PH03779,PH02553,0,0.0,0.0,0.0,0.0,9.0
PH03345,PH03976,0,0.0,0.0,0.0,0.0,4.0
PH02371,PH01548,0,0.0,0.0,0.0,0.0,6.0
PH02193,PH00390,0,1.0,0.08333333333333333,0.9102392266268373,0.3333333333333333,36.0
PH03404,PH03724,0,0.0,0.0,0.0,0.0,8.0
PH03440,PH04049,0,0.0,0.0,0.0,0.0,6.0
PH03234,PH02552,0,0.0,0.0,0.0,0.0,20.0
PH01329,PH03582,0,0.0,0.0,0.0,0.0,12.0
PH03649,PH02409,0,1.0,0.25,0.9102392266268373,0.3333333333333333,6.0
PH01168,PH01041,0,0.0,0.0,0.0,0.0,2.0
PH00680,PH02006,0,0.0,0.0,0.0,0.0,16.0
PH01568,PH04393,0,0.0,0.0,0.0,0.0,18.0
PH03973,PH00901,0,0.0,0.0,0.0,0.0,4.0
PH03361,PH02732,0,1.0,0.2,0.6213349345596119,0.2,5.0
PH03074,PH01874,0,0.0,0.0,0.0,0.0,9.0
PH00085,PH01100,0,0.0,0.0,0.0,0.0,24.0
PH00503,PH00757,0,0.0,0.0,0.0,0.0,4.0
PH02053,PH03456,0,0.0,0.0,0.0,0.0,12.0
PH00643,PH01386,0,1.0,0.3333333333333333,0.5581106265512472,0.16666666666666666,3.0
PH00378,PH00303,0,0.0,0.0,0.0,0.0,2.0
PH03581,PH01898,0,0.0,0.0,0.0,0.0,6.0
PH03340,PH03497,0,0.0,0.0,0.0,0.0,4.0
PH03783,PH04261,0,0.0,0.0,0.0,0.0,2.0
PH02610,PH03194,0,1.0,0.125,0.9102392266268373,0.3333333333333333,20.0
PH03322,PH01290,0,0.0,0.0,0.0,0.0,9.0
PH01712,PH03856,0,0.0,0.0,0.0,0.0,4.0
PH03449,PH04372,0,0.0,0.0,0.0,0.0,16.0
PH03383,PH01846,0,0.0,0.0,0.0,0.0,20.0
PH02518,PH01949,0,1.0,0.1,0.6213349345596119,0.2,30.0
PH01664,PH00109,0,0.0,0.0,0.0,0.0,2.0
PH03119,PH02855,0,0.0,0.0,0.0,0.0,2.0
PH02044,PH03789,0,0.0,0.0,0.0,0.0,2.0
PH04166,PH02216,0,0.0,0.0,0.0,0.0,9.0
PH04495,PH00799,0,1.0,0.125,0.6213349345596119,0.2,20.0
PH01083,PH03687,0,0.0,0.0,0.0,0.0,6.0
PH02401,PH02692,0,0.0,0.0,0.0,0.0,15.0
PH01900,PH01884,0,0.0,0.0,0.0,0.0,4.0
PH03784,PH04094,0,0.0,0.0,0.0,0.0,4.0
PH01187,PH01666,0,1.0,0.25,0.6213349345596119,0.2,6.0
PH03131,PH04040,0,0.0,0.0,0.0,0.0,15.0
PH01477,PH00849,0,0.0,0.0,0.0,0.0,14.0
PH04042,PH01706,0,0.0,0.0,0.0,0.0,12.0
PH03968,PH03892,0,0.0,0.0,0.0,0.0,8.0
PH00946,PH01044,0,1.0,0.16666666666666666,0.9102392266268373,0.3333333333333333,12.0
PH03033,PH00866,0,0.0,0.0,0.0,0.0,5.0
PH03783,PH02146,0,0.0,0.0,0.0,0.0,5.0
PH03422,PH02804,0,0.0,0.0,0.0,0.0,3.0
PH01112,PH01457,0,0.0,0.0,0.0,0.0,6.0
PH00669,PH00231,0,1.0,0.16666666666666666,0.5138983423697507,0.14285714285714285,10.0
PH02627,PH04441,0,0.0,0.0,0.0,0.0,9.0
PH01968,PH01376,0,0.0,0.0,0.0,0.0,8.0
PH04220,PH04176,0,0.0,0.0,0.0,0.0,4.0
PH04106,PH03492,0,0.0,0.0,0.0,0.0,15.0
PH01074,PH04107,0,1.0,0.125,0.5581106265512472,0.16666666666666666,14.0
PH01864,PH00267,0,0.0,0.0,0.0,0.0,4.0
PH02155,PH02362,0,0.0,0.0,0.0,0.0,9.0
PH01724,PH00087,0,0.0,0.0,0.0,0.0,8.0
PH04355,PH03091,0,0.0,0.0,0.0,0.0,4.0
PH04181,PH04336,0,1.0,0.2,0.5138983423697507,0.14285714285714285,9.0
PH01907,PH04216,0,0.0,0.0,0.0,0.0,3.0
PH03039,PH04250,0,0.0,0.0,0.0,0.0,12.0
PH02416,PH03213,0,0.0,0.0,0.0,0.0,3.0
PH02708,PH02871,0,0.0,0.0,0.0,0.0,8.0
PH02954,PH01375,0,1.0,0.3333333333333333,0.5138983423697507,0.14285714285714285,3.0
PH02790,PH02979,0,0.0,0.0,0.0,0.0,6.0
PH02774,PH00165,0,0.0,0.0,0.0,0.0,20.0
PH01340,PH03085,0,0.0,0.0,0.0,0.0,6.0
PH00081,PH01697,0,0.0,0.0,0.0,0.0,4.0
PH00059,PH00845,0,1.0,0.2,1.4426950408889634,0.5,8.0
PH00312,PH01222,0,0.0,0.0,0.0,0.0,2.0
PH04348,PH01288,0,0.0,0.0,0.0,0.0,20.0
PH03478,PH01723,0,0.0,0.0,0.0,0.0,20.0
PH02987,PH02144,0,0.0,0.0,0.0,0.0,6.0
PH01771,PH03290,0,1.0,0.14285714285714285,0.6213349345596119,0.2,12.0
PH00552,PH03882,0,0.0,0.0,0.0,0.0,21.0
PH01724,PH04014,0,0.0,0.0,0.0,0.0,8.0
PH02896,PH01100,0,0.0,0.0,0.0,0.0,4.0
PH01481,PH03687,0,0.0,0.0,0.0,0.0,4.0
PH01849,PH01945,0,1.0,0.09090909090909091,0.9102392266268373,0.3333333333333333,32.0
PH04417,PH04391,0,0.0,0.0,0.0,0.0,9.0
PH04308,PH04076,0,0.0,0.0,0.0,0.0,24.0
PH00355,PH01070,0,0.0,0.0,0.0,0.0,6.0
PH03826,PH01443,0,0.0,0.0,0.0,0.0,3.0
PH02656,PH04462,0,1.0,0.1,0.5138983423697507,0.14285714285714285,24.0
PH01337,PH00899,0,0.0,0.0,0.0,0.0,25.0
PH02678,PH02118,0,0.0,0.0,0.0,0.0,1.0
PH02149,PH03395,0,0.0,0.0,0.0,0.0,28.0
PH00211,PH01384,0,0.0,0.0,0.0,0.0,8.0
PH01331,PH03062,0,1.0,0.14285714285714285,0.7213475204444817,0.25,16.0
PH01261,PH00590,0,0.0,0.0,0.0,0.0,5.0
PH01234,PH01673,0,0.0,0.0,0.0,0.0,2.0
PH01139,PH01397,0,0.0,0.0,0.0,0.0,12.0
PH04334,PH02290,0,0.0,0.0,0.0,0.0,6.0
PH00932,PH01646,0,1.0,0.2,0.9102392266268373,0.3333333333333333,9.0
PH04377,PH03363,0,0.0,0.0,0.0,0.0,15.0
PH02400,PH00005,0,0.0,0.0,0.0,0.0,12.0
PH04128,PH00800,0,0.0,0.0,0.0,0.0,10.0
PH03214,PH01603,0,0.0,0.0,0.0,0.0,18.0
PH02450,PH00663,0,1.0,0.25,0.7213475204444817,0.25,4.0
PH01958,PH00222,0,0.0,0.0,0.0,0.0,4.0
PH02411,PH03444,0,0.0,0.0,0.0,0.0,2.0
PH01509,PH04476,0,0.0,0.0,0.0,0.0,12.0
PH00093,PH03639,0,0.0,0.0,0.0,0.0,20.0
PH03808,PH02376,0,1.0,0.08333333333333333,0.7213475204444817,0.25,42.0
PH00434,PH02271,0,0.0,0.0,0.0,0.0,6.0
PH01186,PH03670,0,0.0,0.0,0.0,0.0,6.0
PH03666,PH00027,0,0.0,0.0,0.0,0.0,4.0
PH00361,PH02911,0,0.0,0.0,0.0,0.0,1.0
PH02918,PH00884,0,1.0,0.16666666666666666,0.5138983423697507,0.14285714285714285,12.0
PH04380,PH01213,0,0.0,0.0,0.0,0.0,1.0
PH01112,PH03727,0,0.0,0.0,0.0,0.0,3.0
PH01886,PH03417,0,0.0,0.0,0.0,0.0,15.0
PH04091,PH00681,0,0.0,0.0,0.0,0.0,8.0
PH01499,PH03906,0,1.0,0.2,0.9102392266268373,0.3333333333333333,8.0
PH01874,PH00498,0,0.0,0.0,0.0,0.0,15.0
PH04069,PH02005,0,0.0,0.0,0.0,0.0,4.0
PH03599,PH01104,0,0.0,0.0,0.0,0.0,15.0
PH03643,PH03341,0,0.0,0.0,0.0,0.0,4.0
PH01141,PH01049,0,1.0,0.16666666666666666,0.7213475204444817,0.25,12.0
PH02050,PH03136,0,0.0,0.0,0.0,0.0,4.0
PH01670,PH03306,0,0.0,0.0,0.0,0.0,5.0
PH01680,PH04440,0,0.0,0.0,0.0,0.0,10.0
PH00436,PH02966,0,0.0,0.0,0.0,0.0,12.0
PH03919,PH04150,0,1.0,0.16666666666666666,0.5581106265512472,0.16666666666666666,12.0
PH04371,PH00293,0,0.0,0.0,0.0,0.0,8.0
PH02271,PH03128,0,0.0,0.0,0.0,0.0,12.0
PH01091,PH03468,0,0.0,0.0,0.0,0.0,4.0
PH01280,PH00090,0,0.0,0.0,0.0,0.0,4.0
PH03849,PH00563,0,1.0,0.125,0.9102392266268373,0.3333333333333333,20.0
PH01856,PH00760,0,0.0,0.0,0.0,0.0,14.0
PH01388,PH03718,0,0.0,0.0,0.0,0.0,4.0
PH00234,PH01135,0,0.0,0.0,0.0,0.0,3.0
PH04066,PH00699,0,0.0,0.0,0.0,0.0,6.0
PH00254,PH01721,0,1.0,0.14285714285714285,0.5581106265512472,0.16666666666666666,15.0
PH00595,PH00271,0,0.0,0.0,0.0,0.0,21.0
PH04439,PH00576,0,0.0,0.0,0.0,0.0,24.0
PH03021,PH04100,0,0.0,0.0,0.0,0.0,4.0
PH02606,PH00937,0,0.0,0.0,0.0,0.0,30.0
PH03827,PH02226,0,1.0,0.16666666666666666,0.5581106265512472,0.16666666666666666,10.0
PH00466,PH03553,0,0.0,0.0,0.0,0.0,28.0
PH03887,PH03408,0,0.0,0.0,0.0,0.0,10.0
PH02789,PH00507,0,0.0,0.0,0.0,0.0,6.0
PH02276,PH02535,0,0.0,0.0,0.0,0.0,4.0
PH01159,PH01689,0,1.0,0.14285714285714285,0.9102392266268373,0.3333333333333333,15.0
PH02127,PH04024,0,0.0,0.0,0.0,0.0,1.0
PH01631,PH03250,0,0.0,0.0,0.0,0.0,10.0
PH03212,PH03893,0,0.0,0.0,0.0,0.0,1.0
PH03263,PH03435,0,0.0,0.0,0.0,0.0,2.0
PH00899,PH00822,0,1.0,0.125,0.48089834696298783,0.125,20.0
PH03611,PH00497,0,0.0,0.0,0.0,0.0,20.0
PH02039,PH04252,0,0.0,0.0,0.0,0.0,5.0
PH02372,PH03977,0,0.0,0.0,0.0,0.0,15.0
PH02674,PH03639,0,0.0,0.0,0.0,0.0,4.0
PH00058,PH00144,0,1.0,0.1111111111111111,0.5581106265512472,0.16666666666666666,21.0
PH03368,PH02901,0,0.0,0.0,0.0,0.0,32.0
PH00789,PH04100,0,0.0,0.0,0.0,0.0,8.0
PH03350,PH00860,0,0.0,0.0,0.0,0.0,12.0
PH03265,PH00133,0,0.0,0.0,0.0,0.0,12.0
PH01052,PH04367,0,1.0,0.08333333333333333,0.6213349345596119,0.2,42.0
PH02021,PH00108,0,0.0,0.0,0.0,0.0,12.0
PH03029,PH03338,0,0.0,0.0,0.0,0.0,12.0
PH00310,PH01394,0,0.0,0.0,0.0,0.0,16.0
PH03046,PH03310,0,0.0,0.0,0.0,0.0,12.0
PH01700,PH02942,0,1.0,0.09090909090909091,0.6213349345596119,0.2,32.0
PH03502,PH04117,0,0.0,0.0,0.0,0.0,12.0
PH00294,PH02127,0,0.0,0.0,0.0,0.0,2.0
PH03788,PH03446,0,0.0,0.0,0.0,0.0,5.0
PH02357,PH01270,0,0.0,0.0,0.0,0.0,5.0
PH03328,PH00482,0,1.0,0.25,0.7213475204444817,0.25,6.0
PH04089,PH03337,0,0.0,0.0,0.0,0.0,2.0
PH02687,PH03575,0,0.0,0.0,0.0,0.0,3.0
PH02794,PH03075,0,0.0,0.0,0.0,0.0,20.0
PH03939,PH01463,0,0.0,0.0,0.0,0.0,12.0
PH00162,PH00818,0,1.0,0.16666666666666666,0.7213475204444817,0.25,12.0
PH01439,PH02621,0,0.0,0.0,0.0,0.0,6.0
PH02953,PH01071,0,0.0,0.0,0.0,0.0,6.0
PH02417,PH01032,0,0.0,0.0,0.0,0.0,12.0
PH04005,PH03390,0,0.0,0.0,0.0,0.0,8.0
PH00219,PH03682,0,1.0,0.1111111111111111,0.7213475204444817,0.25,24.0
PH00302,PH00582,0,0.0,0.0,0.0,0.0,15.0
PH01834,PH02106,0,0.0,0.0,0.0,0.0,12.0
PH03081,PH04399,0,0.0,0.0,0.0,0.0,15.0
PH00845,PH04015,0,0.0,0.0,0.0,0.0,6.0
PH03823,PH01598,0,1.0,0.125,0.7213475204444817,0.25,18.0
PH00810,PH01033,0,0.0,0.0,0.0,0.0,10.0
PH03951,PH00133,0,0.0,0.0,0.0,0.0,6.0
PH04444,PH00400,0,0.0,0.0,0.0,0.0,20.0
PH01341,PH03802,0,0.0,0.0,0.0,0.0,1.0
PH04367,PH03847,0,1.0,0.1111111111111111,0.5138983423697507,0.14285714285714285,21.0
PH00238,PH02672,0,0.0,0.0,0.0,0.0,15.0
PH01995,PH03064,0,0.0,0.0,0.0,0.0,4.0
PH02083,PH00275,0,0.0,0.0,0.0,0.0,3.0
PH03735,PH03519,0,0.0,0.0,0.0,0.0,6.0
PH04182,PH03540,0,1.0,0.3333333333333333,0.9102392266268373,0.3333333333333333,4.0
PH01873,PH03638,0,0.0,0.0,0.0,0.0,4.0
PH04428,PH00098,0,0.0,0.0,0.0,0.0,3.0
PH04088,PH00204,0,0.0,0.0,0.0,0.0,3.0
PH02560,PH01120,0,0.0,0.0,0.0,0.0,2.0
PH04184,PH00815,0,1.0,0.16666666666666666,0.6213349345596119,0.2,10.0
PH00728,PH00071,0,0.0,0.0,0.0,0.0,18.0
PH00606,PH00959,0,0.0,0.0,0.0,0.0,6.0
PH01499,PH00937,0,0.0,0.0,0.0,0.0,12.0
PH00121,PH00822,0,0.0,0.0,0.0,0.0,4.0
PH00539,PH04171,0,1.0,0.25,0.7213475204444817,0.25,6.0
PH04010,PH03631,0,0.0,0.0,0.0,0.0,12.0
PH00031,PH00516,0,0.0,0.0,0.0,0.0,9.0
PH01198,PH04242,0,0.0,0.0,0.0,0.0,18.0
PH00472,PH03575,0,0.0,0.0,0.0,0.0,3.0
PH00830,PH03799,0,1.0,0.09090909090909091,0.5581106265512472,0.16666666666666666,35.0
PH01168,PH02518,0,0.0,0.0,0.0,0.0,5.0
PH01116,PH00449,0,0.0,0.0,0.0,0.0,1.0
PH01888,PH02888,0,0.0,0.0,0.0,0.0,8.0
PH04021,PH03528,0,0.0,0.0,0.0,0.0,4.0
PH03646,PH00902,0,1.0,0.125,0.9102392266268373,0.3333333333333333,18.0
PH04267,PH02599,0,0.0,0.0,0.0,0.0,32.0
PH03198,PH00460,0,0.0,0.0,0.0,0.0,10.0
PH02929,PH03926,0,0.0,0.0,0.0,0.0,9.0
PH03331,PH04182,0,0.0,0.0,0.0,0.0,4.0
PH02477,PH02919,0,1.0,0.16666666666666666,0.7213475204444817,0.25,12.0
PH00839,PH04195,0,0.0,0.0,0.0,0.0,2.0
PH03370,PH03628,0,0.0,0.0,0.0,0.0,16.0
PH00175,PH01186,0,0.0,0.0,0.0,0.0,6.0
PH01970,PH03184,0,0.0,0.0,0.0,0.0,14.0
PH00074,PH00045,0,1.0,0.14285714285714285,0.48089834696298783,0.125,15.0
PH03102,PH02894,0,0.0,0.0,0.0,0.0,30.0
PH02586,PH00018,0,0.0,0.0,0.0,0.0,2.0
PH02610,PH01601,0,0.0,0.0,0.0,0.0,10.0
PH03573,PH02778,0,0.0,0.0,0.0,0.0,12.0
PH03822,PH03235,0,1.0,0.25,0.6213349345596119,0.2,6.0
PH02083,PH01021,0,0.0,0.0,0.0,0.0,6.0
PH00768,PH01756,0,0.0,0.0,0.0,0.0,2.0
PH01212,PH02071,0,0.0,0.0,0.0,0.0,6.0
PH00128,PH03157,0,0.0,0.0,0.0,0.0,15.0
PH02405,PH03688,0,1.0,0.14285714285714285,0.45511961331341866,0.1111111111111111,15.0
PH03610,PH04203,0,0.0,0.0,0.0,0.0,6.0
PH01974,PH04248,0,0.0,0.0,0.0,0.0,12.0
PH02577,PH01165,0,0.0,0.0,0.0,0.0,10.0
PH00920,PH03447,0,0.0,0.0,0.0,0.0,36.0
PH02779,PH02468,0,1.0,0.1,0.9102392266268373,0.3333333333333333,30.0
PH02133,PH02557,0,0.0,0.0,0.0,0.0,3.0
PH04084,PH02361,0,0.0,0.0,0.0,0.0,25.0
PH01861,PH03688,0,0.0,0.0,0.0,0.0,10.0
PH03163,PH00982,0,0.0,0.0,0.0,0.0,20.0
PH01064,PH03599,0,1.0,0.14285714285714285,0.9102392266268373,0.3333333333333333,15.0
PH02250,PH02556,0,0.0,0.0,0.0,0.0,15.0
PH01356,PH01895,0,0.0,0.0,0.0,0.0,2.0
PH00759,PH02933,0,0.0,0.0,0.0,0.0,24.0
PH02157,PH02959,0,0.0,0.0,0.0,0.0,2.0
PH02647,PH01222,0,1.0,0.25,0.5581106265512472,0.16666666666666666,6.0
PH03911,PH04346,0,0.0,0.0,0.0,0.0,15.0
PH04301,PH01357,0,0.0,0.0,0.0,0.0,12.0
PH01621,PH00270,0,0.0,0.0,0.0,0.0,2.0
PH01938,PH03957,0,0.0,0.0,0.0,0.0,32.0
PH00843,PH04212,0,1.0,0.09090909090909091,0.5138983423697507,0.14285714285714285,35.0
PH03726,PH03064,0,0.0,0.0,0.0,0.0,8.0
PH03840,PH00327,0,0.0,0.0,0.0,0.0,12.0
PH03419,PH01136,0,0.0,0.0,0.0,0.0,2.0
PH01177,PH03029,0,0.0,0.0,0.0,0.0,15.0
PH01564,PH01446,0,1.0,0.2,0.6213349345596119,0.2,9.0
PH03162,PH00483,0,0.0,0.0,0.0,0.0,21.0
PH00680,PH03945,0,0.0,0.0,0.0,0.0,12.0
PH01639,PH03396,0,0.0,0.0,0.0,0.0,10.0
PH00303,PH02317,0,0.0,0.0,0.0,0.0,5.0
PH01853,PH01106,0,1.0,0.14285714285714285,0.6213349345596119,0.2,16.0
PH03959,PH00038,0,0.0,0.0,0.0,0.0,3.0
PH00706,PH03137,0,0.0,0.0,0.0,0.0,4.0
PH00532,PH00398,0,0.0,0.0,0.0,0.0,9.0
PH03156,PH02973,0,0.0,0.0,0.0,0.0,2.0
PH01255,PH00739,0,1.0,0.14285714285714285,0.7213475204444817,0.25,15.0
PH04066,PH02804,0,0.0,0.0,0.0,0.0,2.0
PH00778,PH00515,0,0.0,0.0,0.0,0.0,3.0
PH02443,PH03168,0,0.0,0.0,0.0,0.0,30.0
PH03008,PH02827,0,0.0,0.0,0.0,0.0,4.0
PH03504,PH03460,0,1.0,0.14285714285714285,0.9102392266268373,0.3333333333333333,16.0
PH02616,PH01702,0,0.0,0.0,0.0,0.0,4.0
PH04465,PH01691,0,0.0,0.0,0.0,0.0,5.0
PH01260,PH01431,0,0.0,0.0,0.0,0.0,4.0
PH00371,PH03281,0,0.0,0.0,0.0,0.0,8.0
PH03168,PH03499,0,1.0,0.14285714285714285,0.5138983423697507,0.14285714285714285,12.0
PH00112,PH01492,0,0.0,0.0,0.0,0.0,4.0
PH01234,PH00606,0,0.0,0.0,0.0,0.0,3.0
PH00569,PH00947,0,0.0,0.0,0.0,0.0,10.0
PH00008,PH03771,0,0.0,0.0,0.0,0.0,9.0
PH04436,PH03535,0,1.0,0.2,0.7213475204444817,0.25,9.0
PH03385,PH01115,0,0.0,0.0,0.0,0.0,8.0
PH03349,PH03237,0,0.0,0.0,0.0,0.0,8.0
PH03759,PH01090,0,0.0,0.0,0.0,0.0,6.0
PH01407,PH00138,0,0.0,0.0,0.0,0.0,5.0
PH03187,PH03579,0,1.0,0.14285714285714285,0.6213349345596119,0.2,15.0
PH04213,PH02343,0,0.0,0.0,0.0,0.0,18.0
PH03858,PH04489,0,0.0,0.0,0.0,0.0,4.0
PH03204,PH04182,0,0.0,0.0,0.0,0.0,8.0
PH00269,PH01645,0,0.0,0.0,0.0,0.0,4.0
PH02737,PH02927,0,1.0,0.2,0.5581106265512472,0.16666666666666666,9.0
PH03252,PH00562,0,0.0,0.0,0.0,0.0,3.0
PH00922,PH00052,0,0.0,0.0,0.0,0.0,10.0
PH04476,PH03714,0,0.0,0.0,0.0,0.0,3.0
PH00996,PH01639,0,0.0,0.0,0.0,0.0,10.0
PH01599,PH01505,0,1.0,0.125,0.7213475204444817,0.25,18.0
PH01921,PH01032,0,0.0,0.0,0.0,0.0,6.0
PH03113,PH02071,0,0.0,0.0,0.0,0.0,12.0
PH02600,PH02072,0,0.0,0.0,0.0,0.0,2.0
PH01544,PH02532,0,0.0,0.0,0.0,0.0,8.0
PH01353,PH01640,0,1.0,0.1111111111111111,0.5581106265512472,0.16666666666666666,24.0
PH01373,PH02271,0,0.0,0.0,0.0,0.0,24.0
PH03505,PH01468,0,0.0,0.0,0.0,0.0,10.0
PH04303,PH01913,0,0.0,0.0,0.0,0.0,9.0
PH00012,PH02533,0,0.0,0.0,0.0,0.0,2.0
PH01525,PH00578,0,1.0,0.14285714285714285,0.6213349345596119,0.2,15.0
PH02575,PH04494,0,0.0,0.0,0.0,0.0,20.0
PH02973,PH00256,0,0.0,0.0,0.0,0.0,2.0
PH03592,PH04063,0,0.0,0.0,0.0,0.0,8.0
PH02028,PH03577,0,0.0,0.0,0.0,0.0,2.0
PH04085,PH04391,0,1.0,0.16666666666666666,0.9102392266268373,0.3333333333333333,12.0
PH02780,PH01422,0,0.0,0.0,0.0,0.0,3.0
PH04006,PH01095,0,0.0,0.0,0.0,0.0,20.0
PH02402,PH00150,0,0.0,0.0,0.0,0.0,10.0
PH00194,PH04045,0,0.0,0.0,0.0,0.0,8.0
PH01889,PH01700,0,1.0,0.1,1.4426950408889634,0.5,24.0
PH00255,PH01812,0,0.0,0.0,0.0,0.0,25.0
PH01070,PH01689,0,0.0,0.0,0.0,0.0,10.0
PH03123,PH02690,0,0.0,0.0,0.0,0.0,18.0
PH01049,PH02985,0,0.0,0.0,0.0,0.0,15.0
PH01256,PH03721,0,1.0,0.5,0.5138983423697507,0.14285714285714285,2.0
PH01561,PH02653,0,0.0,0.0,0.0,0.0,12.0
PH03637,PH04496,0,0.0,0.0,0.0,0.0,12.0
PH00070,PH04387,0,0.0,0.0,0.0,0.0,12.0
PH01714,PH02178,0,0.0,0.0,0.0,0.0,15.0
PH02962,PH03190,0,1.0,0.125,0.6213349345596119,0.2,20.0
PH00503,PH00308,0,0.0,0.0,0.0,0.0,1.0
PH02065,PH03692,0,0.0,0.0,0.0,0.0,2.0
PH01152,PH02454,0,0.0,0.0,0.0,0.0,28.0
PH04036,PH02986,0,0.0,0.0,0.0,0.0,6.0
PH03537,PH00938,0,1.0,0.125,0.6213349345596119,0.2,20.0
PH02843,PH03066,0,0.0,0.0,0.0,0.0,1.0
PH00079,PH03059,0,0.0,0.0,0.0,0.0,16.0
PH02816,PH02395,0,0.0,0.0,0.0,0.0,16.0
PH04037,PH00435,0,0.0,0.0,0.0,0.0,6.0
PH00669,PH04489,0,1.0,0.2,0.5138983423697507,0.14285714285714285,8.0
PH01347,PH02103,0,0.0,0.0,0.0,0.0,20.0
PH03751,PH01619,0,0.0,0.0,0.0,0.0,9.0
PH00255,PH00807,0,0.0,0.0,0.0,0.0,15.0
PH02996,PH03030,0,0.0,0.0,0.0,0.0,12.0
PH03545,PH02957,0,1.0,0.16666666666666666,0.7213475204444817,0.25,12.0
PH01198,PH00426,0,0.0,0.0,0.0,0.0,6.0
PH02026,PH02055,0,0.0,0.0,0.0,0.0,9.0
PH02996,PH01893,0,0.0,0.0,0.0,0.0,12.0
PH03619,PH01481,0,0.0,0.0,0.0,0.0,8.0
PH00979,PH01144,0,1.0,0.14285714285714285,0.6213349345596119,0.2,12.0
PH01110,PH03774,0,0.0,0.0,0.0,0.0,3.0
PH00850,PH01277,0,0.0,0.0,0.0,0.0,4.0
PH00335,PH01277,0,0.0,0.0,0.0,0.0,4.0
PH02602,PH02254,0,0.0,0.0,0.0,0.0,15.0
PH03402,PH01908,0,1.0,0.08333333333333333,0.5138983423697507,0.14285714285714285,40.0
PH00454,PH00586,0,0.0,0.0,0.0,0.0,12.0
PH00906,PH00883,0,0.0,0.0,0.0,0.0,6.0
PH00274,PH03282,0,0.0,0.0,0.0,0.0,15.0
PH02727,PH00020,0,0.0,0.0,0.0,0.0,15.0
PH00664,PH02729,0,1.0,0.16666666666666666,0.6213349345596119,0.2,12.0
PH02622,PH02011,0,0.0,0.0,0.0,0.0,2.0
PH01551,PH00660,0,0.0,0.0,0.0,0.0,1.0
PH04089,PH03138,0,0.0,0.0,0.0,0.0,2.0
PH00475,PH04081,0,0.0,0.0,0.0,0.0,8.0
PH02738,PH02436,0,1.0,0.3333333333333333,0.5581106265512472,0.16666666666666666,4.0
PH02107,PH02531,0,0.0,0.0,0.0,0.0,10.0
PH03033,PH03191,0,0.0,0.0,0.0,0.0,20.0
PH03211,PH00002,0,0.0,0.0,0.0,0.0,15.0
PH03699,PH04243,0,0.0,0.0,0.0,0.0,2.0
PH00782,PH02743,0,1.0,0.09090909090909091,0.48089834696298783,0.125,32.0
PH01363,PH01929,0,0.0,0.0,0.0,0.0,6.0
PH03133,PH00070,0,0.0,0.0,0.0,0.0,4.0
PH04216,PH02404,0,0.0,0.0,0.0,0.0,6.0
PH02472,PH02519,0,0.0,0.0,0.0,0.0,10.0
PH00386,PH02000,0,1.0,0.14285714285714285,0.5581106265512472,0.16666666666666666,15.0
PH03379,PH02114,0,0.0,0.0,0.0,0.0,6.0
PH01729,PH00251,0,0.0,0.0,0.0,0.0,36.0
PH03329,PH03481,0,0.0,0.0,0.0,0.0,4.0
PH03995,PH00121,0,0.0,0.0,0.0,0.0,3.0
PH01158,PH04114,0,1.0,0.14285714285714285,1.4426950408889634,0.5,12.0
PH00772,PH00572,0,0.0,0.0,0.0,0.0,16.0
PH01558,PH04340,0,0.0,0.0,0.0,0.0,5.0
PH02037,PH00316,0,0.0,0.0,0.0,0.0,6.0
PH02199,PH02933,0,0.0,0.0,0.0,0.0,18.0
PH04365,PH01684,0,1.0,0.3333333333333333,0.6213349345596119,0.2,3.0
PH02259,PH00746,0,0.0,0.0,0.0,0.0,6.0
PH01194,PH02723,0,0.0,0.0,0.0,0.0,4.0
PH00100,PH00317,0,0.0,0.0,0.0,0.0,15.0
PH00041,PH02831,0,0.0,0.0,0.0,0.0,2.0
PH03569,PH01052,0,1.0,0.14285714285714285,0.6213349345596119,0.2,12.0
PH03416,PH03944,0,0.0,0.0,0.0,0.0,2.0
PH03891,PH03635,0,0.0,0.0,0.0,0.0,4.0
PH00780,PH04130,0,0.0,0.0,0.0,0.0,4.0
PH01128,PH02186,0,0.0,0.0,0.0,0.0,12.0
PH04289,PH04432,0,1.0,0.14285714285714285,0.48089834696298783,0.125,16.0
PH03654,PH02409,0,0.0,0.0,0.0,0.0,12.0
PH03191,PH00052,0,0.0,0.0,0.0,0.0,20.0
PH03608,PH03240,0,0.0,0.0,0.0,0.0,15.0
PH03355,PH03785,0,0.0,0.0,0.0,0.0,1.0
PH02187,PH00291,0,1.0,0.16666666666666666,0.9102392266268373,0.3333333333333333,12.0
PH01201,PH00548,0,0.0,0.0,0.0,0.0,6.0
PH02474,PH00199,0,0.0,0.0,0.0,0.0,12.0
PH00926,PH00292,0,0.0,0.0,0.0,0.0,8.0
PH00261,PH01397,0,0.0,0.0,0.0,0.0,6.0
PH04402,PH03425,0,1.0,0.14285714285714285,0.7213475204444817,0.25,12.0
PH04367,PH00890,0,0.0,0.0,0.0,0.0,42.0
PH04347,PH02307,0,0.0,0.0,0.0,0.0,5.0
PH00147,PH02264,0,0.0,0.0,0.0,0.0,5.0
PH00911,PH00785,0,0.0,0.0,0.0,0.0,20.0
PH02161,PH03040,0,1.0,0.16666666666666666,0.5581106265512472,0.16666666666666666,10.0
PH01054,PH02785,0,0.0,0.0,0.0,0.0,15.0
PH04363,PH00517,0,0.0,0.0,0.0,0.0,3.0
PH03266,PH01594,0,0.0,0.0,0.0,0.0,2.0
PH02040,PH00256,0,0.0,0.0,0.0,0.0,2.0
PH02207,PH03579,0,1.0,0.1,0.6213349345596119,0.2,30.0
PH02453,PH03785,0,0.0,0.0,0.0,0.0,4.0
PH01954,PH01412,0,0.0,0.0,0.0,0.0,8.0
PH00954,PH02651,0,0.0,0.0,0.0,0.0,2.0
PH04013,PH00472,0,0.0,0.0,0.0,0.0,3.0
PH03380,PH02897,0,1.0,0.1111111111111111,0.7213475204444817,0.25,16.0
PH01003,PH01517,0,0.0,0.0,0.0,0.0,20.0
PH02151,PH00976,0,0.0,0.0,0.0,0.0,5.0
PH00974,PH00530,0,0.0,0.0,0.0,0.0,4.0
PH03310,PH01098,0,0.0,0.0,0.0,0.0,30.0
PH01863,PH00982,0,1.0,0.1111111111111111,0.5138983423697507,0.14285714285714285,25.0
PH00226,PH02889,0,0.0,0.0,0.0,0.0,12.0
PH02244,PH03701,0,0.0,0.0,0.0,0.0,10.0
PH03182,PH01248,0,0.0,0.0,0.0,0.0,24.0
PH03556,PH01923,0,0.0,0.0,0.0,0.0,10.0
PH03920,PH01369,0,1.0,0.16666666666666666,0.7213475204444817,0.25,10.0
PH01847,PH03034,0,0.0,0.0,0.0,0.0,5.0
PH03972,PH04260,0,0.0,0.0,0.0,0.0,2.0
PH03416,PH02907,0,0.0,0.0,0.0,0.0,10.0
PH00308,PH03446,0,0.0,0.0,0.0,0.0,1.0
PH01512,PH00529,0,1.0,0.125,0.9102392266268373,0.3333333333333333,18.0
PH01809,PH01148,0,0.0,0.0,0.0,0.0,14.0
PH03736,PH01402,0,0.0,0.0,0.0,0.0,2.0
PH01664,PH01106,0,0.0,0.0,0.0,0.0,4.0
PH01212,PH02604,0,0.0,0.0,0.0,0.0,6.0
PH02953,PH03458,0,1.0,0.16666666666666666,0.6213349345596119,0.2,12.0
PH04233,PH01528,0,0.0,0.0,0.0,0.0,6.0
PH03878,PH02569,0,0.0,0.0,0.0,0.0,24.0
PH00582,PH00153,0,0.0,0.0,0.0,0.0,25.0
PH02112,PH02710,0,0.0,0.0,0.0,0.0,6.0
PH01042,PH03203,0,1.0,0.16666666666666666,0.48089834696298783,0.125,12.0
PH01463,PH01120,0,0.0,0.0,0.0,0.0,8.0
PH03167,PH02528,0,0.0,0.0,0.0,0.0,3.0
PH03277,PH02860,0,0.0,0.0,0.0,0.0,3.0
PH03163,PH01562,0,0.0,0.0,0.0,0.0,12.0
PH03175,PH01303,0,1.0,0.125,0.7213475204444817,0.25,18.0
PH03888,PH02435,0,0.0,0.0,0.0,0.0,6.0
PH00892,PH04459,0,0.0,0.0,0.0,0.0,3.0
PH04261,PH04346,0,0.0,0.0,0.0,0.0,6.0
PH00150,PH03617,0,0.0,0.0,0.0,0.0,4.0
PH03989,PH00954,0,1.0,0.3333333333333333,0.7213475204444817,0.25,3.0
PH02431,PH01473,0,0.0,0.0,0.0,0.0,3.0
PH04015,PH00523,0,0.0,0.0,0.0,0.0,3.0
PH03350,PH04087,0,0.0,0.0,0.0,0.0,6.0
PH02821,PH00506,0,0.0,0.0,0.0,0.0,6.0
PH00140,PH02139,0,1.0,0.1111111111111111,0.6213349345596119,0.2,24.0
PH01313,PH02131,0,0.0,0.0,0.0,0.0,1.0
PH02239,PH03974,0,0.0,0.0,0.0,0.0,12.0
PH03298,PH01616,0,0.0,0.0,0.0,0.0,12.0
PH00296,PH00280,0,0.0,0.0,0.0,0.0,9.0
PH01108,PH00644,0,1.0,0.125,0.5581106265512472,0.16666666666666666,20.0
PH01055,PH01248,0,0.0,0.0,0.0,0.0,18.0
PH02915,PH04376,0,0.0,0.0,0.0,0.0,12.0
PH02690,PH02175,0,0.0,0.0,0.0,0.0,6.0
PH00214,PH03250,0,0.0,0.0,0.0,0.0,10.0
PH02502,PH00022,0,1.0,0.3333333333333333,0.7213475204444817,0.25,3.0
PH03629,PH00599,0,0.0,0.0,0.0,0.0,12.0
PH03464,PH01654,0,0.0,0.0,0.0,0.0,6.0
PH02655,PH04021,0,0.0,0.0,0.0,0.0,16.0
PH02382,PH04013,0,0.0,0.0,0.0,0.0,6.0
PH04352,PH01108,0,1.0,0.16666666666666666,0.45511961331341866,0.1111111111111111,12.0
PH01430,PH00718,0,0.0,0.0,0.0,0.0,2.0
PH04486,PH03198,0,0.0,0.0,0.0,0.0,6.0
PH02278,PH03979,0,0.0,0.0,0.0,0.0,4.0
PH03428,PH00199,0,0.0,0.0,0.0,0.0,12.0
PH02590,PH02120,0,1.0,0.2,0.45511961331341866,0.1111111111111111,5.0
PH04056,PH00336,0,0.0,0.0,0.0,0.0,8.0
PH01411,PH02831,0,0.0,0.0,0.0,0.0,1.0
PH04026,PH01461,0,0.0,0.0,0.0,0.0,4.0
PH00184,PH02062,0,0.0,0.0,0.0,0.0,6.0
PH00840,PH01270,0,1.0,0.125,0.5581106265512472,0.16666666666666666,20.0
PH01648,PH02324,0,0.0,0.0,0.0,0.0,2.0
PH03790,PH03093,0,0.0,0.0,0.0,0.0,3.0
PH00421,PH00083,0,0.0,0.0,0.0,0.0,9.0
PH01956,PH00536,0,0.0,0.0,0.0,0.0,20.0
PH02372,PH03882,0,1.0,0.2,0.48089834696298783,0.125,9.0
PH02011,PH00661,0,0.0,0.0,0.0,0.0,4.0
PH00647,PH02694,0,0.0,0.0,0.0,0.0,6.0
PH03458,PH02619,0,0.0,0.0,0.0,0.0,8.0
PH03623,PH00750,0,0.0,0.0,0.0,0.0,12.0
PH01445,PH03979,0,1.0,0.14285714285714285,0.5138983423697507,0.14285714285714285,16.0
PH02490,PH01195,0,0.0,0.0,0.0,0.0,4.0
PH03234,PH01810,0,0.0,0.0,0.0,0.0,8.0
PH00318,PH02773,0,0.0,0.0,0.0,0.0,18.0
PH00588,PH02913,0,0.0,0.0,0.0,0.0,12.0
PH00251,PH01467,0,1.0,0.16666666666666666,0.6213349345596119,0.2,6.0
PH00247,PH02552,0,0.0,0.0,0.0,0.0,10.0
PH01217,PH01898,0,0.0,0.0,0.0,0.0,6.0
PH03720,PH04418,0,0.0,0.0,0.0,0.0,12.0
PH01432,PH02771,0,0.0,0.0,0.0,0.0,42.0
PH03777,PH00587,0,1.0,0.16666666666666666,0.5138983423697507,0.14285714285714285,12.0
PH01306,PH03243,0,0.0,0.0,0.0,0.0,24.0
PH00335,PH00499,0,0.0,0.0,0.0,0.0,14.0
PH02070,PH03431,0,0.0,0.0,0.0,0.0,8.0
PH01484,PH03230,0,0.0,0.0,0.0,0.0,6.0
PH04037,PH00455,0,1.0,0.16666666666666666,0.5138983423697507,0.14285714285714285,12.0
PH00973,PH01160,0,0.0,0.0,0.0,0.0,9.0
PH00700,PH04237,0,0.0,0.0,0.0,0.0,10.0
PH04242,PH04323,0,0.0,0.0,0.0,0.0,12.0
PH01499,PH01380,0,0.0,0.0,0.0,0.0,8.0
PH04372,PH00386,0,1.0,0.125,0.5581106265512472,0.16666666666666666,20.0
PH01765,PH00810,0,0.0,0.0,0.0,0.0,4.0
PH03578,PH03486,0,0.0,0.0,0.0,0.0,8.0
PH01724,PH01958,0,0.0,0.0,0.0,0.0,16.0
PH02532,PH02365,0,0.0,0.0,0.0,0.0,12.0
PH01997,PH01851,0,1.0,0.25,0.6213349345596119,0.2,6.0
PH01534,PH00394,0,0.0,0.0,0.0,0.0,2.0
PH02646,PH02552,0,0.0,0.0,0.0,0.0,10.0
PH03022,PH04361,0,0.0,0.0,0.0,0.0,2.0
PH01269,PH03419,0,0.0,0.0,0.0,0.0,4.0
PH03200,PH01639,0,1.0,0.25,0.9102392266268373,0.3333333333333333,6.0
PH00090,PH00263,0,0.0,0.0,0.0,0.0,8.0
PH03655,PH00200,0,0.0,0.0,0.0,0.0,12.0
PH01412,PH03965,0,0.0,0.0,0.0,0.0,20.0
PH01721,PH02883,0,0.0,0.0,0.0,0.0,10.0
PH01532,PH04214,0,1.0,0.1,0.5581106265512472,0.16666666666666666,30.0
PH02589,PH00400,0,0.0,0.0,0.0,0.0,5.0
PH02119,PH02688,0,0.0,0.0,0.0,0.0,8.0
PH00895,PH00045,0,0.0,0.0,0.0,0.0,9.0
PH03626,PH03016,0,0.0,0.0,0.0,0.0,6.0
PH02841,PH03038,0,1.0,0.125,0.5581106265512472,0.16666666666666666,20.0
PH02435,PH01342,0,0.0,0.0,0.0,0.0,18.0
PH03539,PH03155,0,0.0,0.0,0.0,0.0,25.0
PH02801,PH02834,0,0.0,0.0,0.0,0.0,18.0
PH03452,PH00797,0,0.0,0.0,0.0,0.0,5.0
PH04208,PH03702,0,1.0,0.1111111111111111,0.5138983423697507,0.14285714285714285,24.0
PH00841,PH03829,0,0.0,0.0,0.0,0.0,4.0
PH02267,PH00247,0,0.0,0.0,0.0,0.0,2.0
PH04181,PH03671,0,0.0,0.0,0.0,0.0,15.0
PH02331,PH01009,0,0.0,0.0,0.0,0.0,4.0
PH00282,PH02291,0,1.0,0.2,0.5581106265512472,0.16666666666666666,5.0
PH00703,PH00793,0,0.0,0.0,0.0,0.0,9.0
PH02418,PH02592,0,0.0,0.0,0.0,0.0,7.0
PH01080,PH00901,0,0.0,0.0,0.0,0.0,3.0
PH00054,PH03839,0,0.0,0.0,0.0,0.0,7.0
PH03518,PH00822,0,1.0,0.1111111111111111,1.4426950408889634,0.5,24.0
PH03361,PH01992,0,0.0,0.0,0.0,0.0,5.0
PH00470,PH04381,0,0.0,0.0,0.0,0.0,12.0
PH02067,PH02305,0,0.0,0.0,0.0,0.0,1.0
PH02610,PH04057,0,0.0,0.0,0.0,0.0,25.0
PH03636,PH02552,0,1.0,0.125,0.7213475204444817,0.25,20.0
PH03722,PH02944,0,0.0,0.0,0.0,0.0,6.0
PH01692,PH01041,0,0.0,0.0,0.0,0.0,14.0
PH01550,PH01853,0,0.0,0.0,0.0,0.0,4.0
PH01968,PH03781,0,0.0,0.0,0.0,0.0,6.0
PH04062,PH04212,0,1.0,0.1111111111111111,0.6213349345596119,0.2,21.0
PH00438,PH03085,0,0.0,0.0,0.0,0.0,6.0
PH00257,PH02275,0,0.0,0.0,0.0,0.0,15.0
PH04204,PH03635,0,0.0,0.0,0.0,0.0,8.0
PH02473,PH01703,0,0.0,0.0,0.0,0.0,3.0
PH04303,PH01196,0,1.0,0.14285714285714285,0.9102392266268373,0.3333333333333333,15.0
PH00097,PH02882,0,0.0,0.0,0.0,0.0,8.0
PH00928,PH02607,0,0.0,0.0,0.0,0.0,6.0
PH01921,PH03108,0,0.0,0.0,0.0,0.0,10.0
PH00497,PH00323,0,0.0,0.0,0.0,0.0,12.0
PH03861,PH04274,0,1.0,0.25,0.9102392266268373,0.3333333333333333,6.0
PH02341,PH01390,0,0.0,0.0,0.0,0.0,18.0
PH02225,PH01220,0,0.0,0.0,0.0,0.0,8.0
PH02954,PH01463,0,0.0,0.0,0.0,0.0,12.0
PH00362,PH00837,0,0.0,0.0,0.0,0.0,8.0
PH02166,PH01260,0,1.0,0.2,0.7213475204444817,0.25,8.0
PH01230,PH01827,0,0.0,0.0,0.0,0.0,2.0
PH01029,PH01539,0,0.0,0.0,0.0,0.0,6.0
PH01285,PH02139,0,0.0,0.0,0.0,0.0,8.0
PH03928,PH01799,0,0.0,0.0,0.0,0.0,18.0
PH00762,PH00271,0,1.0,0.1111111111111111,0.7213475204444817,0.25,21.0
PH03406,PH02311,0,0.0,0.0,0.0,0.0,2.0
PH03912,PH02422,0,0.0,0.0,0.0,0.0,16.0
PH02463,PH00203,0,0.0,0.0,0.0,0.0,2.0
PH03599,PH02830,0,0.0,0.0,0.0,0.0,20.0
PH04427,PH03283,0,1.0,0.16666666666666666,0.6213349345596119,0.2,6.0
PH00748,PH02323,0,0.0,0.0,0.0,0.0,8.0
PH03972,PH04401,0,0.0,0.0,0.0,0.0,2.0
PH02768,PH03140,0,0.0,0.0,0.0,0.0,6.0
PH03690,PH02192,0,0.0,0.0,0.0,0.0,8.0
PH02861,PH04136,0,1.0,0.125,0.6213349345596119,0.2,20.0
PH00550,PH00074,0,0.0,0.0,0.0,0.0,5.0
PH03114,PH02046,0,0.0,0.0,0.0,0.0,12.0
PH02159,PH04237,0,0.0,0.0,0.0,0.0,25.0
PH01400,PH02172,0,0.0,0.0,0.0,0.0,2.0
PH01577,PH01346,0,1.0,0.25,0.9102392266268373,0.3333333333333333,6.0
PH01567,PH01340,0,0.0,0.0,0.0,0.0,12.0
PH03322,PH02506,0,0.0,0.0,0.0,0.0,6.0
PH02043,PH04031,0,0.0,0.0,0.0,0.0,8.0
PH02737,PH03132,0,0.0,0.0,0.0,0.0,12.0
PH00151,PH01983,0,1.0,0.16666666666666666,0.5581106265512472,0.16666666666666666,12.0
PH02930,PH02189,0,0.0,0.0,0.0,0.0,10.0
PH01693,PH01619,0,0.0,0.0,0.0,0.0,9.0
PH01178,PH03717,0,0.0,0.0,0.0,0.0,16.0
PH03122,PH03653,0,0.0,0.0,0.0,0.0,6.0
PH01925,PH02611,0,1.0,0.14285714285714285,0.6213349345596119,0.2,12.0
PH03223,PH03010,0,0.0,0.0,0.0,0.0,12.0
PH02647,PH02195,0,0.0,0.0,0.0,0.0,15.0
PH02481,PH00632,0,0.0,0.0,0.0,0.0,4.0
PH00948,PH00500,0,0.0,0.0,0.0,0.0,8.0
PH03675,PH02780,0,1.0,0.16666666666666666,0.6213349345596119,0.2,12.0
PH03498,PH03549,0,0.0,0.0,0.0,0.0,15.0
PH01475,PH03887,0,0.0,0.0,0.0,0.0,20.0
PH01284,PH03403,0,0.0,0.0,0.0,0.0,3.0
PH01387,PH00993,0,1.0,0.09090909090909091,0.7213475204444817,0.25,35.0
PH00646,PH00990,0,1.0,0.2,0.6213349345596119,0.2,8.0
PH00155,PH03880,0,0.0,0.0,0.0,0.0,8.0
PH01141,PH02062,0,0.0,0.0,0.0,0.0,8.0
PH03905,PH02913,0,0.0,0.0,0.0,0.0,8.0
PH01888,PH01120,0,0.0,0.0,0.0,0.0,8.0
PH03276,PH04281,0,1.0,0.25,0.5138983423697507,0.14285714285714285,6.0
PH02543,PH03887,0,0.0,0.0,0.0,0.0,10.0
PH03809,PH02708,0,0.0,0.0,0.0,0.0,6.0
PH00211,PH04388,0,0.0,0.0,0.0,0.0,2.0
PH00958,PH00749,0,0.0,0.0,0.0,0.0,3.0
PH03010,PH02805,0,1.0,0.09090909090909091,0.5581106265512472,0.16666666666666666,36.0
PH02876,PH01570,0,0.0,0.0,0.0,0.0,4.0
PH02630,PH01362,0,0.0,0.0,0.0,0.0,12.0
PH01966,PH00756,0,0.0,0.0,0.0,0.0,5.0
PH02308,PH02016,0,0.0,0.0,0.0,0.0,4.0
PH04359,PH00633,0,1.0,0.1111111111111111,0.9102392266268373,0.3333333333333333,24.0
PH00189,PH01277,0,0.0,0.0,0.0,0.0,4.0
PH04202,PH03063,0,0.0,0.0,0.0,0.0,1.0
PH02502,PH00233,0,0.0,0.0,0.0,0.0,6.0
PH01023,PH00140,0,0.0,0.0,0.0,0.0,18.0
PH00703,PH02466,0,1.0,0.125,0.5138983423697507,0.14285714285714285,18.0
PH00384,PH00283,0,0.0,0.0,0.0,0.0,12.0
PH03605,PH01105,0,0.0,0.0,0.0,0.0,15.0
PH01687,PH02352,0,0.0,0.0,0.0,0.0,18.0
PH00249,PH02221,0,0.0,0.0,0.0,0.0,2.0
PH03654,PH02663,0,1.0,0.14285714285714285,0.5581106265512472,0.16666666666666666,16.0
PH04481,PH04425,0,0.0,0.0,0.0,0.0,9.0
PH01983,PH03259,0,0.0,0.0,0.0,0.0,6.0
PH01809,PH01395,0,0.0,0.0,0.0,0.0,10.0
PH04075,PH02122,0,0.0,0.0,0.0,0.0,15.0
PH02120,PH01003,0,1.0,0.1111111111111111,0.48089834696298783,0.125,25.0
PH03146,PH01542,0,0.0,0.0,0.0,0.0,20.0
PH03231,PH00599,0,0.0,0.0,0.0,0.0,8.0
PH03696,PH01340,0,0.0,0.0,0.0,0.0,18.0
PH01156,PH01104,0,0.0,0.0,0.0,0.0,12.0
PH02515,PH03284,0,1.0,0.14285714285714285,0.9102392266268373,0.3333333333333333,12.0
PH04499,PH01227,0,0.0,0.0,0.0,0.0,3.0
PH01669,PH00725,0,0.0,0.0,0.0,0.0,9.0
PH00862,PH03376,0,0.0,0.0,0.0,0.0,8.0
PH02638,PH03174,0,0.0,0.0,0.0,0.0,8.0
PH00216,PH04404,0,1.0,0.16666666666666666,0.7213475204444817,0.25,12.0
PH02381,PH04363,0,0.0,0.0,0.0,0.0,2.0
PH01971,PH01570,0,0.0,0.0,0.0,0.0,6.0
PH04025,PH03008,0,0.0,0.0,0.0,0.0,8.0
PH01979,PH00063,0,0.0,0.0,0.0,0.0,15.0
PH01158,PH04438,0,1.0,0.14285714285714285,0.6213349345596119,0.2,12.0
PH00635,PH01430,0,0.0,0.0,0.0,0.0,7.0
PH02998,PH03508,0,0.0,0.0,0.0,0.0,3.0
PH02286,PH03190,0,0.0,0.0,0.0,0.0,12.0
PH03103,PH03383,0,0.0,0.0,0.0,0.0,40.0
PH04430,PH03392,0,1.0,0.5,1.4426950408889634,0.5,2.0
PH01169,PH02672,0,0.0,0.0,0.0,0.0,10.0
PH01393,PH03179,0,0.0,0.0,0.0,0.0,8.0
PH00176,PH01714,0,0.0,0.0,0.0,0.0,15.0
PH00025,PH01336,0,0.0,0.0,0.0,0.0,8.0
PH04035,PH03399,0,1.0,0.16666666666666666,0.6213349345596119,0.2,12.0
PH04188,PH02930,0,0.0,0.0,0.0,0.0,10.0
PH00933,PH01646,0,0.0,0.0,0.0,0.0,3.0
PH00461,PH02749,0,0.0,0.0,0.0,0.0,6.0
PH00632,PH02496,0,0.0,0.0,0.0,0.0,8.0
PH02597,PH02974,0,1.0,0.125,0.6213349345596119,0.2,18.0
PH01320,PH01282,0,0.0,0.0,0.0,0.0,15.0
PH02186,PH03432,0,0.0,0.0,0.0,0.0,8.0
PH03666,PH02510,0,0.0,0.0,0.0,0.0,12.0
PH03027,PH02406,0,0.0,0.0,0.0,0.0,15.0
PH00693,PH04001,0,1.0,0.2,0.5138983423697507,0.14285714285714285,5.0
PH04044,PH01807,0,0.0,0.0,0.0,0.0,6.0
PH00752,PH04287,0,0.0,0.0,0.0,0.0,12.0
PH02920,PH02369,0,0.0,0.0,0.0,0.0,30.0
PH01799,PH02646,0,0.0,0.0,0.0,0.0,6.0
PH01877,PH00961,0,1.0,0.2,0.7213475204444817,0.25,8.0
PH00588,PH03519,0,0.0,0.0,0.0,0.0,9.0
PH03147,PH04255,0,0.0,0.0,0.0,0.0,10.0
PH00410,PH00569,0,0.0,0.0,0.0,0.0,6.0
PH03504,PH02360,0,0.0,0.0,0.0,0.0,16.0
PH00499,PH00792,0,1.0,0.1111111111111111,0.6213349345596119,0.2,21.0
PH02588,PH00664,0,0.0,0.0,0.0,0.0,3.0
PH03855,PH01567,0,0.0,0.0,0.0,0.0,8.0
PH00934,PH00272,0,0.0,0.0,0.0,0.0,9.0
PH00734,PH03059,0,0.0,0.0,0.0,0.0,4.0
PH00831,PH02754,0,1.0,0.25,0.5581106265512472,0.16666666666666666,6.0
PH00479,PH00402,0,0.0,0.0,0.0,0.0,4.0
PH03415,PH01050,0,0.0,0.0,0.0,0.0,8.0
PH03625,PH01443,0,0.0,0.0,0.0,0.0,2.0
PH04446,PH00906,0,0.0,0.0,0.0,0.0,12.0
PH02150,PH00219,0,1.0,0.1111111111111111,0.9102392266268373,0.3333333333333333,24.0
PH03444,PH03246,0,0.0,0.0,0.0,0.0,2.0
PH00591,PH04325,0,0.0,0.0,0.0,0.0,9.0
PH01592,PH01948,0,0.0,0.0,0.0,0.0,12.0
PH00643,PH01888,0,0.0,0.0,0.0,0.0,4.0
PH01889,PH01700,0,1.0,0.1,1.4426950408889634,0.5,24.0
PH01081,PH04093,0,0.0,0.0,0.0,0.0,6.0
PH03923,PH03133,0,0.0,0.0,0.0,0.0,2.0
PH03783,PH02816,0,0.0,0.0,0.0,0.0,8.0
PH02603,PH01081,0,0.0,0.0,0.0,0.0,2.0
PH03785,PH02172,0,1.0,1.0,0.5138983423697507,0.14285714285714285,1.0
PH01924,PH03505,0,0.0,0.0,0.0,0.0,15.0
PH03732,PH02514,0,0.0,0.0,0.0,0.0,3.0
PH01007,PH03945,0,0.0,0.0,0.0,0.0,9.0
PH00225,PH04148,0,0.0,0.0,0.0,0.0,10.0
PH03156,PH02522,0,1.0,0.125,1.4426950408889634,0.5,14.0
PH03143,PH00850,0,0.0,0.0,0.0,0.0,12.0
PH03877,PH04274,0,0.0,0.0,0.0,0.0,6.0
PH02398,PH02184,0,0.0,0.0,0.0,0.0,20.0
PH03423,PH00353,0,0.0,0.0,0.0,0.0,6.0
PH03850,PH02390,0,2.0,0.2857142857142857,1.9235933878519513,0.625,18.0
PH01674,PH01286,0,0.0,0.0,0.0,0.0,6.0
PH00123,PH02507,0,0.0,0.0,0.0,0.0,4.0
PH01314,PH02581,0,0.0,0.0,0.0,0.0,20.0
PH03170,PH01844,0,0.0,0.0,0.0,0.0,3.0
PH00457,PH02463,0,1.0,0.16666666666666666,0.9102392266268373,0.3333333333333333,10.0
PH00327,PH03781,0,0.0,0.0,0.0,0.0,18.0
PH02435,PH00727,0,0.0,0.0,0.0,0.0,12.0
PH00851,PH03199,0,0.0,0.0,0.0,0.0,16.0
PH04420,PH01221,0,0.0,0.0,0.0,0.0,25.0
PH02953,PH01619,0,1.0,0.2,0.7213475204444817,0.25,9.0
PH04239,PH00519,0,0.0,0.0,0.0,0.0,2.0
PH01728,PH00220,0,0.0,0.0,0.0,0.0,6.0
PH02340,PH00738,0,0.0,0.0,0.0,0.0,8.0
PH00221,PH02554,0,0.0,0.0,0.0,0.0,4.0
PH03671,PH02445,0,1.0,0.14285714285714285,0.6213349345596119,0.2,15.0
PH01448,PH04341,0,0.0,0.0,0.0,0.0,24.0
PH02505,PH00414,0,0.0,0.0,0.0,0.0,12.0
PH01333,PH04368,0,0.0,0.0,0.0,0.0,5.0
PH03837,PH02591,0,0.0,0.0,0.0,0.0,2.0
PH01997,PH01851,0,1.0,0.25,0.6213349345596119,0.2,6.0
PH04460,PH04082,0,0.0,0.0,0.0,0.0,10.0
PH03365,PH01391,0,0.0,0.0,0.0,0.0,15.0
PH02383,PH03396,0,0.0,0.0,0.0,0.0,15.0
PH01107,PH03779,0,0.0,0.0,0.0,0.0,12.0
PH00307,PH01626,0,1.0,0.14285714285714285,0.7213475204444817,0.25,12.0
PH03911,PH04405,0,0.0,0.0,0.0,0.0,25.0
PH02535,PH03052,0,0.0,0.0,0.0,0.0,4.0
PH02773,PH03381,0,0.0,0.0,0.0,0.0,15.0
PH01193,PH00560,0,0.0,0.0,0.0,0.0,24.0
PH03563,PH03866,0,1.0,0.3333333333333333,0.7213475204444817,0.25,4.0
PH01392,PH01182,0,0.0,0.0,0.0,0.0,6.0
PH04399,PH00568,0,0.0,0.0,0.0,0.0,6.0
PH00502,PH02618,0,0.0,0.0,0.0,0.0,4.0
PH00417,PH03397,0,0.0,0.0,0.0,0.0,16.0
PH02358,PH03661,0,1.0,1.0,0.6213349345596119,0.2,1.0
PH00839,PH03432,0,0.0,0.0,0.0,0.0,4.0
PH00183,PH01680,0,0.0,0.0,0.0,0.0,15.0
PH01850,PH03100,0,0.0,0.0,0.0,0.0,6.0
PH04371,PH00248,0,0.0,0.0,0.0,0.0,8.0
PH01139,PH00387,0,1.0,0.14285714285714285,0.7213475204444817,0.25,16.0
PH01361,PH04244,0,0.0,0.0,0.0,0.0,1.0
PH03383,PH01169,0,0.0,0.0,0.0,0.0,10.0
PH03736,PH04247,0,0.0,0.0,0.0,0.0,3.0
PH04039,PH02353,0,0.0,0.0,0.0,0.0,9.0
PH04051,PH01489,0,1.0,0.25,0.6213349345596119,0.2,6.0
PH01349,PH03926,0,0.0,0.0,0.0,0.0,9.0
PH02857,PH00138,0,0.0,0.0,0.0,0.0,5.0
PH01739,PH02936,0,0.0,0.0,0.0,0.0,4.0
PH03488,PH04399,0,0.0,0.0,0.0,0.0,6.0
PH02592,PH00023,0,1.0,0.2,0.5581106265512472,0.16666666666666666,5.0
PH01471,PH02088,0,0.0,0.0,0.0,0.0,32.0
PH02299,PH03627,0,0.0,0.0,0.0,0.0,4.0
PH00615,PH01120,0,0.0,0.0,0.0,0.0,4.0
PH00234,PH01059,0,0.0,0.0,0.0,0.0,4.0
PH00418,PH04204,0,1.0,0.14285714285714285,0.9102392266268373,0.3333333333333333,16.0
PH01307,PH00608,0,0.0,0.0,0.0,0.0,15.0
PH03538,PH02450,0,0.0,0.0,0.0,0.0,4.0
PH00503,PH04263,0,0.0,0.0,0.0,0.0,2.0
PH03954,PH01301,0,0.0,0.0,0.0,0.0,12.0
PH00074,PH00657,0,1.0,0.14285714285714285,0.7213475204444817,0.25,15.0
PH02711,PH03157,0,0.0,0.0,0.0,0.0,9.0
PH03111,PH03944,0,0.0,0.0,0.0,0.0,3.0
PH01725,PH02409,0,0.0,0.0,0.0,0.0,15.0
PH01054,PH03993,0,0.0,0.0,0.0,0.0,10.0
PH00059,PH00845,0,1.0,0.2,1.4426950408889634,0.5,8.0
PH03530,PH02531,0,0.0,0.0,0.0,0.0,4.0
PH03358,PH02930,0,0.0,0.0,0.0,0.0,2.0
PH00032,PH00801,0,0.0,0.0,0.0,0.0,10.0
PH03143,PH01789,0,0.0,0.0,0.0,0.0,24.0
PH04301,PH03985,0,1.0,0.125,0.6213349345596119,0.2,20.0
PH02188,PH01173,0,0.0,0.0,0.0,0.0,4.0
PH00322,PH03460,0,0.0,0.0,0.0,0.0,12.0
PH01267,PH01324,0,0.0,0.0,0.0,0.0,12.0
PH00519,PH04282,0,0.0,0.0,0.0,0.0,4.0
PH03477,PH02331,0,1.0,0.2,0.5581106265512472,0.16666666666666666,8.0
PH03569,PH03800,0,0.0,0.0,0.0,0.0,8.0
PH04106,PH00998,0,0.0,0.0,0.0,0.0,6.0
PH03426,PH01510,0,0.0,0.0,0.0,0.0,3.0
PH02664,PH01069,0,0.0,0.0,0.0,0.0,4.0
PH02341,PH02461,0,1.0,0.1111111111111111,1.4426950408889634,0.5,24.0
PH04327,PH02012,0,0.0,0.0,0.0,0.0,25.0
PH01382,PH00677,0,0.0,0.0,0.0,0.0,12.0
PH01762,PH02395,0,0.0,0.0,0.0,0.0,8.0
PH02506,PH01337,0,0.0,0.0,0.0,0.0,10.0
PH01773,PH02286,0,1.0,0.14285714285714285,0.5581106265512472,0.16666666666666666,15.0
PH03537,PH04376,0,0.0,0.0,0.0,0.0,12.0
PH02992,PH03756,0,0.0,0.0,0.0,0.0,8.0
PH02764,PH03777,0,0.0,0.0,0.0,0.0,6.0
PH02024,PH01213,0,0.0,0.0,0.0,0.0,3.0
PH03884,PH02947,0,1.0,0.25,0.6213349345596119,0.2,6.0
PH02693,PH03106,0,0.0,0.0,0.0,0.0,9.0
PH04266,PH02787,0,0.0,0.0,0.0,0.0,3.0
PH02585,PH03916,0,0.0,0.0,0.0,0.0,9.0
PH03153,PH01444,0,0.0,0.0,0.0,0.0,8.0
PH02391,PH02613,0,1.0,0.3333333333333333,0.5581106265512472,0.16666666666666666,3.0
PH03296,PH00085,0,0.0,0.0,0.0,0.0,12.0
PH02981,PH01002,0,0.0,0.0,0.0,0.0,6.0
PH02756,PH00302,0,0.0,0.0,0.0,0.0,6.0
PH00250,PH02179,0,0.0,0.0,0.0,0.0,6.0
PH03287,PH00393,0,1.0,0.1111111111111111,0.7213475204444817,0.25,24.0
PH02476,PH03229,0,0.0,0.0,0.0,0.0,6.0
PH02883,PH04186,0,0.0,0.0,0.0,0.0,10.0
PH00350,PH02405,0,0.0,0.0,0.0,0.0,12.0
PH00029,PH00558,0,0.0,0.0,0.0,0.0,2.0
PH01480,PH03928,0,1.0,0.1,0.6213349345596119,0.2,30.0
PH02710,PH01273,0,0.0,0.0,0.0,0.0,9.0
PH04179,PH03164,0,0.0,0.0,0.0,0.0,3.0
PH00850,PH03166,0,0.0,0.0,0.0,0.0,14.0
PH02259,PH01134,0,0.0,0.0,0.0,0.0,4.0
PH00293,PH03209,0,1.0,0.3333333333333333,0.9102392266268373,0.3333333333333333,4.0
PH00005,PH02357,0,0.0,0.0,0.0,0.0,3.0
PH01341,PH03646,0,0.0,0.0,0.0,0.0,6.0
PH02120,PH02048,0,0.0,0.0,0.0,0.0,20.0
PH02121,PH03290,0,0.0,0.0,0.0,0.0,4.0
PH02089,PH02057,0,1.0,0.09090909090909091,0.5138983423697507,0.14285714285714285,32.0
PH00862,PH01914,0,0.0,0.0,0.0,0.0,12.0
PH02952,PH03359,0,0.0,0.0,0.0,0.0,6.0
PH00087,PH02844,0,0.0,0.0,0.0,0.0,6.0
PH00598,PH03367,0,0.0,0.0,0.0,0.0,2.0
PH01598,PH03514,0,1.0,0.16666666666666666,0.7213475204444817,0.25,12.0
PH01113,PH02169,0,0.0,0.0,0.0,0.0,15.0
PH01687,PH00099,0,0.0,0.0,0.0,0.0,12.0
PH03378,PH00509,0,0.0,0.0,0.0,0.0,2.0
PH00799,PH01699,0,0.0,0.0,0.0,0.0,4.0
PH04320,PH02902,0,1.0,0.16666666666666666,0.5581106265512472,0.16666666666666666,12.0
PH02615,PH02352,0,0.0,0.0,0.0,0.0,6.0
PH02985,PH00632,0,0.0,0.0,0.0,0.0,20.0
PH00215,PH02897,0,0.0,0.0,0.0,0.0,16.0
PH02936,PH02789,0,0.0,0.0,0.0,0.0,4.0
PH04131,PH03408,0,1.0,0.125,0.7213475204444817,0.25,14.0
PH01523,PH00426,0,0.0,0.0,0.0,0.0,4.0
PH04060,PH03935,0,0.0,0.0,0.0,0.0,14.0
PH02134,PH04230,0,0.0,0.0,0.0,0.0,18.0
PH02277,PH04177,0,0.0,0.0,0.0,0.0,16.0
PH03954,PH02509,0,1.0,0.16666666666666666,0.7213475204444817,0.25,6.0
PH00965,PH01562,0,0.0,0.0,0.0,0.0,6.0
PH00710,PH03542,0,0.0,0.0,0.0,0.0,2.0
PH02399,PH01755,0,0.0,0.0,0.0,0.0,24.0
PH03249,PH04117,0,0.0,0.0,0.0,0.0,6.0
PH04494,PH03409,0,1.0,0.09090909090909091,0.5581106265512472,0.16666666666666666,35.0
PH01725,PH01176,0,0.0,0.0,0.0,0.0,25.0
PH01303,PH00736,0,0.0,0.0,0.0,0.0,21.0
PH04434,PH04438,0,0.0,0.0,0.0,0.0,8.0
PH04440,PH04017,0,0.0,0.0,0.0,0.0,6.0
PH01877,PH03122,0,1.0,0.2,0.7213475204444817,0.25,8.0
PH04101,PH00862,0,0.0,0.0,0.0,0.0,20.0
PH03520,PH00198,0,0.0,0.0,0.0,0.0,4.0
PH02681,PH03305,0,0.0,0.0,0.0,0.0,12.0
PH02667,PH03786,0,0.0,0.0,0.0,0.0,21.0
PH02084,PH04332,0,1.0,0.16666666666666666,0.6213349345596119,0.2,12.0
PH02921,PH01025,0,0.0,0.0,0.0,0.0,4.0
PH01912,PH00979,0,0.0,0.0,0.0,0.0,8.0
PH01633,PH01155,0,0.0,0.0,0.0,0.0,20.0
PH03221,PH04415,0,0.0,0.0,0.0,0.0,10.0
PH00725,PH00338,0,1.0,0.2,0.9102392266268373,0.3333333333333333,9.0
PH02791,PH02952,0,0.0,0.0,0.0,0.0,9.0
PH00466,PH00958,0,0.0,0.0,0.0,0.0,21.0
PH04298,PH03936,0,0.0,0.0,0.0,0.0,15.0
PH02684,PH03039,0,0.0,0.0,0.0,0.0,24.0
PH03077,PH03362,0,1.0,0.1111111111111111,0.9102392266268373,0.3333333333333333,25.0
PH04192,PH01874,0,0.0,0.0,0.0,0.0,3.0
PH03097,PH01768,0,0.0,0.0,0.0,0.0,6.0
PH02599,PH02251,0,0.0,0.0,0.0,0.0,4.0
PH02711,PH04139,0,0.0,0.0,0.0,0.0,3.0
PH01700,PH02942,0,1.0,0.09090909090909091,0.6213349345596119,0.2,32.0
PH00226,PH03847,0,0.0,0.0,0.0,0.0,6.0
PH00550,PH04207,0,0.0,0.0,0.0,0.0,3.0
PH03495,PH00125,0,0.0,0.0,0.0,0.0,2.0
PH01847,PH01318,0,0.0,0.0,0.0,0.0,8.0
PH04249,PH00098,0,1.0,0.25,0.6213349345596119,0.2,4.0
PH03842,PH02876,0,0.0,0.0,0.0,0.0,2.0
PH00852,PH02496,0,0.0,0.0,0.0,0.0,8.0
PH03592,PH01296,0,0.0,0.0,0.0,0.0,4.0
PH00250,PH02376,0,0.0,0.0,0.0,0.0,12.0
PH01997,PH01851,0,1.0,0.25,0.6213349345596119,0.2,6.0
PH02039,PH01041,0,0.0,0.0,0.0,0.0,10.0
PH00444,PH02914,0,0.0,0.0,0.0,0.0,5.0
PH01226,PH02465,0,0.0,0.0,0.0,0.0,5.0
PH00646,PH00997,0,0.0,0.0,0.0,0.0,16.0
PH02184,PH01954,0,1.0,0.16666666666666666,0.6213349345596119,0.2,10.0
PH02769,PH02981,0,0.0,0.0,0.0,0.0,3.0
PH04283,PH02100,0,0.0,0.0,0.0,0.0,12.0
PH03148,PH04321,0,0.0,0.0,0.0,0.0,20.0
PH00689,PH04271,0,0.0,0.0,0.0,0.0,4.0
PH02122,PH00387,0,1.0,0.16666666666666666,0.5581106265512472,0.16666666666666666,12.0
PH03662,PH00356,0,0.0,0.0,0.0,0.0,10.0
PH04106,PH03844,0,0.0,0.0,0.0,0.0,18.0
PH01534,PH01973,0,0.0,0.0,0.0,0.0,2.0
PH01557,PH04054,0,0.0,0.0,0.0,0.0,4.0
PH01148,PH00307,0,1.0,0.08333333333333333,1.4426950408889634,0.5,42.0
PH04362,PH03166,0,0.0,0.0,0.0,0.0,14.0
PH00805,PH03547,0,0.0,0.0,0.0,0.0,3.0
PH03886,PH01350,0,0.0,0.0,0.0,0.0,12.0
PH02289,PH02160,0,0.0,0.0,0.0,0.0,8.0
PH03254,PH01006,0,1.0,0.14285714285714285,0.6213349345596119,0.2,15.0
PH00569,PH04042,0,0.0,0.0,0.0,0.0,4.0
PH02409,PH02997,0,0.0,0.0,0.0,0.0,3.0
PH00098,PH01913,0,0.0,0.0,0.0,0.0,3.0
PH03466,PH00285,0,0.0,0.0,0.0,0.0,15.0
PH00451,PH00860,0,1.0,0.14285714285714285,0.5581106265512472,0.16666666666666666,16.0
PH04097,PH01443,0,0.0,0.0,0.0,0.0,5.0
PH01960,PH01861,0,0.0,0.0,0.0,0.0,6.0
PH03465,PH02201,0,0.0,0.0,0.0,0.0,42.0
PH00161,PH01660,0,0.0,0.0,0.0,0.0,35.0
PH02745,PH01523,0,1.0,0.14285714285714285,1.4426950408889634,0.5,16.0
PH00226,PH03707,0,0.0,0.0,0.0,0.0,6.0
PH02407,PH02776,0,0.0,0.0,0.0,0.0,4.0
PH01671,PH01724,0,0.0,0.0,0.0,0.0,16.0
PH00981,PH01224,0,0.0,0.0,0.0,0.0,6.0
PH02735,PH01728,0,1.0,0.16666666666666666,0.9102392266268373,0.3333333333333333,12.0
PH02298,PH00540,0,0.0,0.0,0.0,0.0,8.0
PH02183,PH00474,0,0.0,0.0,0.0,0.0,10.0
PH00940,PH01380,0,0.0,0.0,0.0,0.0,4.0
PH00458,PH02566,0,0.0,0.0,0.0,0.0,2.0
PH01631,PH03055,0,1.0,0.2,0.9102392266268373,0.3333333333333333,8.0
PH02333,PH00756,0,0.0,0.0,0.0,0.0,5.0
PH03927,PH03513,0,0.0,0.0,0.0,0.0,2.0
PH03004,PH02585,0,0.0,0.0,0.0,0.0,15.0
PH03142,PH00949,0,0.0,0.0,0.0,0.0,2.0
PH00120,PH01461,0,1.0,0.25,0.7213475204444817,0.25,6.0
PH02999,PH00595,0,0.0,0.0,0.0,0.0,6.0
PH03288,PH00085,0,0.0,0.0,0.0,0.0,30.0
PH03843,PH03044,0,0.0,0.0,0.0,0.0,16.0
PH00461,PH01167,0,0.0,0.0,0.0,0.0,12.0
PH00078,PH00401,0,1.0,0.2,0.7213475204444817,0.25,8.0
PH03446,PH00371,0,0.0,0.0,0.0,0.0,4.0
PH03296,PH01819,0,0.0,0.0,0.0,0.0,2.0
PH03140,PH00365,0,0.0,0.0,0.0,0.0,8.0
PH02698,PH00489,0,0.0,0.0,0.0,0.0,16.0
PH02910,PH03500,0,1.0,0.14285714285714285,0.48089834696298783,0.125,12.0
PH03050,PH00774,0,0.0,0.0,0.0,0.0,4.0
PH00075,PH03795,0,0.0,0.0,0.0,0.0,10.0
PH04010,PH03115,0,0.0,0.0,0.0,0.0,6.0
PH02364,PH00569,0,0.0,0.0,0.0,0.0,12.0
PH01260,PH04046,0,1.0,0.1111111111111111,0.6213349345596119,0.2,24.0
PH00219,PH00155,0,0.0,0.0,0.0,0.0,24.0
PH00830,PH01864,0,0.0,0.0,0.0,0.0,5.0
PH03890,PH04229,0,0.0,0.0,0.0,0.0,3.0
PH01132,PH02959,0,0.0,0.0,0.0,0.0,5.0
PH02058,PH00048,0,1.0,0.125,0.6213349345596119,0.2,20.0
PH03576,PH03171,0,0.0,0.0,0.0,0.0,15.0
PH00457,PH01287,0,0.0,0.0,0.0,0.0,10.0
PH03968,PH03063,0,0.0,0.0,0.0,0.0,2.0
PH03750,PH02961,0,0.0,0.0,0.0,0.0,5.0
PH01082,PH01629,0,1.0,0.25,0.5138983423697507,0.14285714285714285,6.0
PH00788,PH03724,0,0.0,0.0,0.0,0.0,8.0
PH00046,PH03876,0,0.0,0.0,0.0,0.0,6.0
PH01094,PH04399,0,0.0,0.0,0.0,0.0,3.0
PH01728,PH01128,0,0.0,0.0,0.0,0.0,18.0
PH02869,PH04173,0,1.0,0.1111111111111111,1.4426950408889634,0.5,25.0
PH03236,PH03638,0,0.0,0.0,0.0,0.0,6.0
PH00645,PH00839,0,0.0,0.0,0.0,0.0,5.0
PH02484,PH02039,0,0.0,0.0,0.0,0.0,10.0
PH01910,PH00971,0,0.0,0.0,0.0,0.0,16.0
PH02390,PH02084,0,1.0,0.125,0.6213349345596119,0.2,18.0
PH01640,PH04113,0,0.0,0.0,0.0,0.0,24.0
PH03331,PH04313,0,0.0,0.0,0.0,0.0,4.0
PH00964,PH02543,0,0.0,0.0,0.0,0.0,6.0
PH01994,PH04319,0,0.0,0.0,0.0,0.0,18.0
PH01985,PH02763,0,1.0,0.2,1.4426950408889634,0.5,8.0
PH01179,PH03503,0,0.0,0.0,0.0,0.0,3.0
PH01142,PH01678,0,0.0,0.0,0.0,0.0,9.0
PH04428,PH00193,0,0.0,0.0,0.0,0.0,9.0
PH04013,PH04170,0,0.0,0.0,0.0,0.0,3.0
PH03868,PH03109,0,1.0,0.3333333333333333,0.6213349345596119,0.2,3.0
PH02273,PH03559,0,0.0,0.0,0.0,0.0,4.0
PH02362,PH00667,0,0.0,0.0,0.0,0.0,15.0
PH03309,PH00364,0,0.0,0.0,0.0,0.0,8.0
PH02300,PH00007,0,0.0,0.0,0.0,0.0,2.0
PH03733,PH04101,0,1.0,0.16666666666666666,0.5581106265512472,0.16666666666666666,10.0
PH03450,PH01288,0,0.0,0.0,0.0,0.0,12.0
PH02444,PH04421,0,0.0,0.0,0.0,0.0,3.0
PH04378,PH02309,0,0.0,0.0,0.0,0.0,18.0
PH04464,PH03637,0,0.0,0.0,0.0,0.0,6.0
PH00223,PH00847,0,1.0,0.1111111111111111,0.9102392266268373,0.3333333333333333,24.0
PH02043,PH00847,0,0.0,0.0,0.0,0.0,24.0
PH04032,PH01910,0,0.0,0.0,0.0,0.0,12.0
PH01049,PH00364,0,0.0,0.0,0.0,0.0,12.0
PH02141,PH02966,0,0.0,0.0,0.0,0.0,8.0
PH04311,PH02750,0,1.0,0.09090909090909091,0.7213475204444817,0.25,32.0
PH02512,PH01534,0,0.0,0.0,0.0,0.0,4.0
PH02677,PH03142,0,0.0,0.0,0.0,0.0,3.0
PH01934,PH01258,0,0.0,0.0,0.0,0.0,16.0
PH00290,PH04034,0,0.0,0.0,0.0,0.0,16.0
PH02460,PH01622,0,1.0,0.1,0.6213349345596119,0.2,30.0
PH01598,PH02879,0,0.0,0.0,0.0,0.0,15.0
PH00058,PH00499,0,0.0,0.0,0.0,0.0,21.0
PH00432,PH01245,0,0.0,0.0,0.0,0.0,6.0
PH03135,PH04179,0,0.0,0.0,0.0,0.0,2.0
PH03907,PH03153,0,1.0,0.125,0.9102392266268373,0.3333333333333333,20.0
PH00354,PH01890,0,0.0,0.0,0.0,0.0,15.0
PH03368,PH02199,0,0.0,0.0,0.0,0.0,12.0
PH03398,PH01539,0,0.0,0.0,0.0,0.0,2.0
PH00775,PH00420,0,0.0,0.0,0.0,0.0,3.0
PH00066,PH00243,0,1.0,0.16666666666666666,0.9102392266268373,0.3333333333333333,12.0
PH02106,PH03350,0,0.0,0.0,0.0,0.0,12.0
PH02993,PH01885,0,0.0,0.0,0.0,0.0,25.0
PH01642,PH01007,0,0.0,0.0,0.0,0.0,6.0
PH03612,PH02335,0,0.0,0.0,0.0,0.0,18.0
PH01775,PH00910,0,1.0,0.25,0.5581106265512472,0.16666666666666666,4.0
PH00018,PH00182,0,0.0,0.0,0.0,0.0,2.0
PH01242,PH00557,0,0.0,0.0,0.0,0.0,2.0
PH03441,PH02296,0,0.0,0.0,0.0,0.0,5.0
PH02942,PH01166,0,0.0,0.0,0.0,0.0,4.0
PH04104,PH02604,0,1.0,0.2,0.6213349345596119,0.2,9.0
PH03649,PH02979,0,0.0,0.0,0.0,0.0,6.0
PH00829,PH01252,0,0.0,0.0,0.0,0.0,24.0
PH00616,PH04398,0,0.0,0.0,0.0,0.0,5.0
PH01930,PH02620,0,0.0,0.0,0.0,0.0,6.0
PH01559,PH02403,0,1.0,0.16666666666666666,0.6213349345596119,0.2,12.0
PH00845,PH00639,0,0.0,0.0,0.0,0.0,6.0
PH01463,PH02406,0,0.0,0.0,0.0,0.0,12.0
PH02902,PH03793,0,0.0,0.0,0.0,0.0,3.0
PH03959,PH01266,0,0.0,0.0,0.0,0.0,15.0
PH00882,PH01704,0,1.0,0.16666666666666666,0.5581106265512472,0.16666666666666666,12.0
PH03993,PH02812,0,0.0,0.0,0.0,0.0,4.0
PH01697,PH02383,0,0.0,0.0,0.0,0.0,6.0
PH00341,PH01715,0,0.0,0.0,0.0,0.0,2.0
PH01734,PH03407,0,0.0,0.0,0.0,0.0,2.0
PH02996,PH04001,0,1.0,0.125,0.9102392266268373,0.3333333333333333,20.0
PH02830,PH03006,0,0.0,0.0,0.0,0.0,16.0
PH00709,PH02928,0,0.0,0.0,0.0,0.0,20.0
PH04249,PH01940,0,0.0,0.0,0.0,0.0,4.0
PH03758,PH02053,0,0.0,0.0,0.0,0.0,8.0
PH00385,PH02600,0,1.0,0.5,0.9102392266268373,0.3333333333333333,2.0
PH01124,PH02375,0,0.0,0.0,0.0,0.0,15.0
PH00749,PH04293,0,0.0,0.0,0.0,0.0,2.0
PH00234,PH00445,0,0.0,0.0,0.0,0.0,2.0
PH02722,PH02417,0,0.0,0.0,0.0,0.0,8.0
PH00843,PH00677,0,1.0,0.1,0.9102392266268373,0.3333333333333333,30.0
PH02614,PH02888,0,0.0,0.0,0.0,0.0,10.0
PH02773,PH02241,0,0.0,0.0,0.0,0.0,9.0
PH00052,PH00460,0,0.0,0.0,0.0,0.0,25.0
PH02454,PH01534,0,0.0,0.0,0.0,0.0,14.0
PH03911,PH01971,0,1.0,0.14285714285714285,0.48089834696298783,0.125,15.0
PH02431,PH03766,0,0.0,0.0,0.0,0.0,9.0
PH02723,PH03456,0,0.0,0.0,0.0,0.0,12.0
PH02280,PH03828,0,0.0,0.0,0.0,0.0,6.0
PH00762,PH01328,0,0.0,0.0,0.0,0.0,9.0
PH00331,PH04321,0,1.0,0.14285714285714285,0.48089834696298783,0.125,15.0
PH01757,PH03109,0,0.0,0.0,0.0,0.0,4.0
PH04203,PH01863,0,0.0,0.0,0.0,0.0,10.0
PH01626,PH02752,0,0.0,0.0,0.0,0.0,16.0
PH03151,PH04142,0,0.0,0.0,0.0,0.0,10.0
PH01908,PH02378,0,1.0,0.1111111111111111,0.5581106265512472,0.16666666666666666,25.0
PH04163,PH00557,0,0.0,0.0,0.0,0.0,3.0
PH02380,PH01578,0,0.0,0.0,0.0,0.0,6.0
PH03589,PH03264,0,0.0,0.0,0.0,0.0,3.0
PH01808,PH03215,0,0.0,0.0,0.0,0.0,6.0
PH01937,PH02089,0,1.0,0.08333333333333333,0.5581106265512472,0.16666666666666666,40.0
PH03443,PH01479,0,0.0,0.0,0.0,0.0,14.0
PH01390,PH01086,0,0.0,0.0,0.0,0.0,3.0
PH03026,PH02435,0,0.0,0.0,0.0,0.0,24.0
PH02495,PH01654,0,0.0,0.0,0.0,0.0,12.0
PH03172,PH02723,0,1.0,0.2,0.5581106265512472,0.16666666666666666,8.0
PH01808,PH04180,0,0.0,0.0,0.0,0.0,9.0
PH01887,PH02493,0,0.0,0.0,0.0,0.0,12.0
PH02302,PH03235,0,0.0,0.0,0.0,0.0,14.0
PH02959,PH02763,0,0.0,0.0,0.0,0.0,2.0
PH00454,PH03695,0,1.0,0.1,0.9102392266268373,0.3333333333333333,30.0
PH00013,PH03476,0,0.0,0.0,0.0,0.0,3.0
PH01746,PH00889,0,0.0,0.0,0.0,0.0,8.0
PH01880,PH04069,0,0.0,0.0,0.0,0.0,12.0
PH01291,PH01980,0,0.0,0.0,0.0,0.0,40.0
PH02642,PH01159,0,1.0,0.2,0.6213349345596119,0.2,9.0
PH03154,PH03931,0,0.0,0.0,0.0,0.0,18.0
PH04107,PH00081,0,0.0,0.0,0.0,0.0,4.0
PH01019,PH03112,0,0.0,0.0,0.0,0.0,6.0
PH04086,PH04474,0,0.0,0.0,0.0,0.0,4.0
PH00715,PH04458,0,1.0,0.25,0.5138983423697507,0.14285714285714285,4.0
PH03134,PH02267,0,0.0,0.0,0.0,0.0,3.0
PH02016,PH04295,0,0.0,0.0,0.0,0.0,6.0
PH03513,PH01471,0,0.0,0.0,0.0,0.0,16.0
PH00608,PH01965,0,0.0,0.0,0.0,0.0,3.0
PH04489,PH01196,0,1.0,0.125,0.5138983423697507,0.14285714285714285,20.0
PH03256,PH02784,0,0.0,0.0,0.0,0.0,4.0
PH01309,PH01290,0,0.0,0.0,0.0,0.0,9.0
PH03837,PH03398,0,0.0,0.0,0.0,0.0,4.0
PH01566,PH03478,0,0.0,0.0,0.0,0.0,20.0
PH03623,PH03221,0,1.0,0.125,0.6213349345596119,0.2,20.0
PH04474,PH03798,0,0.0,0.0,0.0,0.0,4.0
PH01372,PH01328,0,0.0,0.0,0.0,0.0,6.0
PH01680,PH00021,0,0.0,0.0,0.0,0.0,15.0
PH01673,PH01266,0,0.0,0.0,0.0,0.0,10.0
PH04420,PH04384,0,1.0,0.14285714285714285,0.5581106265512472,0.16666666666666666,15.0
PH04216,PH00750,0,0.0,0.0,0.0,0.0,9.0
PH02434,PH03492,0,0.0,0.0,0.0,0.0,25.0
PH03826,PH02436,0,0.0,0.0,0.0,0.0,6.0
PH00677,PH01500,0,0.0,0.0,0.0,0.0,18.0
PH00737,PH02488,0,1.0,0.3333333333333333,0.7213475204444817,0.25,4.0
PH00019,PH04115,0,0.0,0.0,0.0,0.0,6.0
PH00073,PH00618,0,0.0,0.0,0.0,0.0,4.0
PH00634,PH01468,0,0.0,0.0,0.0,0.0,4.0
PH00380,PH01882,0,0.0,0.0,0.0,0.0,3.0
PH02990,PH04408,0,1.0,0.1111111111111111,0.5581106265512472,0.16666666666666666,24.0
PH03656,PH01564,0,0.0,0.0,0.0,0.0,3.0
PH03137,PH01657,0,0.0,0.0,0.0,0.0,8.0
PH02291,PH00751,0,0.0,0.0,0.0,0.0,1.0
PH02082,PH03810,0,0.0,0.0,0.0,0.0,6.0
PH04160,PH00379,0,1.0,0.14285714285714285,0.7213475204444817,0.25,15.0
PH01775,PH01008,0,0.0,0.0,0.0,0.0,16.0
PH01437,PH03652,0,0.0,0.0,0.0,0.0,20.0
PH02090,PH02022,0,0.0,0.0,0.0,0.0,12.0
PH01915,PH03055,0,0.0,0.0,0.0,0.0,20.0
PH03831,PH04320,0,1.0,0.07692307692307693,0.7213475204444817,0.25,40.0
PH04482,PH02219,0,0.0,0.0,0.0,0.0,6.0
PH03028,PH00081,0,0.0,0.0,0.0,0.0,6.0
PH00308,PH02652,0,0.0,0.0,0.0,0.0,1.0
PH01597,PH03556,0,0.0,0.0,0.0,0.0,10.0
PH03491,PH01003,0,1.0,0.14285714285714285,0.5581106265512472,0.16666666666666666,15.0
PH02517,PH03928,0,0.0,0.0,0.0,0.0,6.0
PH01971,PH00506,0,0.0,0.0,0.0,0.0,9.0
PH04376,PH00908,0,0.0,0.0,0.0,0.0,6.0
PH03293,PH02703,0,0.0,0.0,0.0,0.0,2.0
PH01015,PH01091,0,1.0,1.0,0.5581106265512472,0.16666666666666666,1.0
PH03060,PH00135,0,0.0,0.0,0.0,0.0,12.0
PH03816,PH03390,0,0.0,0.0,0.0,0.0,12.0
PH02967,PH04159,0,0.0,0.0,0.0,0.0,1.0
PH02248,PH03647,0,0.0,0.0,0.0,0.0,6.0
PH03430,PH01719,0,1.0,0.2,0.5581106265512472,0.16666666666666666,8.0
PH03635,PH03064,0,0.0,0.0,0.0,0.0,8.0
PH01901,PH03416,0,0.0,0.0,0.0,0.0,2.0
PH04402,PH01345,0,0.0,0.0,0.0,0.0,2.0
PH03736,PH00678,0,0.0,0.0,0.0,0.0,3.0
PH01196,PH02642,0,1.0,0.14285714285714285,1.4426950408889634,0.5,15.0
PH00769,PH04263,0,0.0,0.0,0.0,0.0,2.0
PH02288,PH03787,0,0.0,0.0,0.0,0.0,2.0
PH01744,PH03321,0,0.0,0.0,0.0,0.0,4.0
PH03053,PH00855,0,0.0,0.0,0.0,0.0,3.0
PH00053,PH04323,0,1.0,0.14285714285714285,0.7213475204444817,0.25,16.0
PH01127,PH01475,0,0.0,0.0,0.0,0.0,8.0
PH01935,PH02489,0,0.0,0.0,0.0,0.0,6.0
PH01822,PH02304,0,0.0,0.0,0.0,0.0,5.0
PH01995,PH01712,0,0.0,0.0,0.0,0.0,2.0
PH02196,PH00448,0,1.0,0.5,1.4426950408889634,0.5,2.0
PH03551,PH00364,0,0.0,0.0,0.0,0.0,4.0
PH00943,PH00866,0,0.0,0.0,0.0,0.0,2.0
PH00640,PH03054,0,0.0,0.0,0.0,0.0,2.0
PH01968,PH02883,0,0.0,0.0,0.0,0.0,4.0
PH02466,PH03936,0,1.0,0.1,0.48089834696298783,0.125,30.0
PH01473,PH04324,0,0.0,0.0,0.0,0.0,2.0
PH00808,PH02797,0,0.0,0.0,0.0,0.0,9.0
PH01675,PH02103,0,0.0,0.0,0.0,0.0,20.0
PH03447,PH02356,0,0.0,0.0,0.0,0.0,24.0
PH01464,PH03430,0,1.0,0.16666666666666666,1.4426950408889634,0.5,12.0
PH04392,PH01121,0,0.0,0.0,0.0,0.0,2.0
PH01307,PH01361,0,0.0,0.0,0.0,0.0,5.0
PH02701,PH02230,0,0.0,0.0,0.0,0.0,3.0
PH03555,PH00890,0,0.0,0.0,0.0,0.0,24.0
PH01033,PH00511,0,1.0,0.125,0.9102392266268373,0.3333333333333333,20.0
PH03085,PH03744,0,0.0,0.0,0.0,0.0,2.0
PH03166,PH01298,0,0.0,0.0,0.0,0.0,14.0
PH00261,PH01775,0,0.0,0.0,0.0,0.0,8.0
PH02292,PH03820,0,0.0,0.0,0.0,0.0,20.0
PH01277,PH01303,0,1.0,0.25,0.9102392266268373,0.3333333333333333,6.0
PH01179,PH01655,0,0.0,0.0,0.0,0.0,9.0
PH01222,PH04097,0,0.0,0.0,0.0,0.0,10.0
PH03916,PH03229,0,0.0,0.0,0.0,0.0,9.0
PH00731,PH00794,0,0.0,0.0,0.0,0.0,20.0
PH00846,PH02108,0,1.0,0.2,0.6213349345596119,0.2,9.0
PH03491,PH03231,0,0.0,0.0,0.0,0.0,6.0
PH02403,PH01514,0,0.0,0.0,0.0,0.0,8.0
PH03079,PH03934,0,0.0,0.0,0.0,0.0,12.0
PH02133,PH02359,0,0.0,0.0,0.0,0.0,3.0
PH00168,PH01698,0,1.0,0.09090909090909091,0.6213349345596119,0.2,36.0
PH02996,PH04201,0,0.0,0.0,0.0,0.0,12.0
PH02652,PH01853,0,0.0,0.0,0.0,0.0,4.0
PH02031,PH03304,0,0.0,0.0,0.0,0.0,4.0
PH04235,PH00419,0,0.0,0.0,0.0,0.0,6.0
PH02673,PH00849,0,1.0,0.1111111111111111,0.5581106265512472,0.16666666666666666,21.0
PH00966,PH04433,0,0.0,0.0,0.0,0.0,5.0
PH01201,PH03500,0,0.0,0.0,0.0,0.0,4.0
PH01565,PH04350,0,0.0,0.0,0.0,0.0,2.0
PH03948,PH02445,0,0.0,0.0,0.0,0.0,6.0
PH01104,PH01692,0,1.0,0.1111111111111111,0.6213349345596119,0.2,21.0
PH03675,PH00845,0,0.0,0.0,0.0,0.0,8.0
PH01010,PH02456,0,0.0,0.0,0.0,0.0,6.0
PH02730,PH02513,0,0.0,0.0,0.0,0.0,30.0
PH02221,PH02353,0,0.0,0.0,0.0,0.0,6.0
PH02092,PH00304,0,1.0,0.16666666666666666,0.9102392266268373,0.3333333333333333,10.0
PH03069,PH01669,0,0.0,0.0,0.0,0.0,15.0
PH01427,PH02318,0,0.0,0.0,0.0,0.0,28.0
PH04379,PH04272,0,0.0,0.0,0.0,0.0,2.0
PH02585,PH00551,0,0.0,0.0,0.0,0.0,15.0
PH02182,PH02996,0,1.0,0.125,0.7213475204444817,0.25,20.0
PH04124,PH03802,0,0.0,0.0,0.0,0.0,1.0
PH03409,PH00930,0,0.0,0.0,0.0,0.0,14.0
PH00998,PH00210,0,0.0,0.0,0.0,0.0,8.0
PH03464,PH00309,0,0.0,0.0,0.0,0.0,2.0
PH01298,PH01856,0,1.0,0.125,0.48089834696298783,0.125,14.0
PH01881,PH00133,0,0.0,0.0,0.0,0.0,3.0
PH01169,PH03951,0,0.0,0.0,0.0,0.0,4.0
PH03701,PH01269,0,0.0,0.0,0.0,0.0,4.0
PH02113,PH02623,0,0.0,0.0,0.0,0.0,1.0
PH00958,PH02067,0,1.0,0.3333333333333333,0.5581106265512472,0.16666666666666666,3.0
PH04306,PH01498,0,0.0,0.0,0.0,0.0,5.0
PH01423,PH01964,0,0.0,0.0,0.0,0.0,28.0
PH02759,PH01523,0,0.0,0.0,0.0,0.0,28.0
PH02356,PH02939,0,0.0,0.0,0.0,0.0,16.0
PH02556,PH02929,0,1.0,0.14285714285714285,0.7213475204444817,0.25,15.0
PH00342,PH00484,0,0.0,0.0,0.0,0.0,3.0
PH00396,PH04082,0,0.0,0.0,0.0,0.0,5.0
PH04138,PH04181,0,0.0,0.0,0.0,0.0,21.0
PH01264,PH01461,0,0.0,0.0,0.0,0.0,4.0
PH04116,PH00659,0,1.0,0.1111111111111111,0.5138983423697507,0.14285714285714285,25.0
PH02538,PH04492,0,0.0,0.0,0.0,0.0,8.0
PH00508,PH00695,0,0.0,0.0,0.0,0.0,2.0
PH00356,PH04137,0,0.0,0.0,0.0,0.0,10.0
PH00793,PH01320,0,0.0,0.0,0.0,0.0,9.0
PH03777,PH02818,0,1.0,0.2,0.6213349345596119,0.2,9.0
PH01188,PH00838,0,0.0,0.0,0.0,0.0,8.0
PH03817,PH00421,0,0.0,0.0,0.0,0.0,3.0
PH00765,PH03926,0,0.0,0.0,0.0,0.0,12.0
PH03905,PH01352,0,0.0,0.0,0.0,0.0,12.0
PH02614,PH02558,0,1.0,0.14285714285714285,0.7213475204444817,0.25,15.0
PH03711,PH00993,0,0.0,0.0,0.0,0.0,35.0
PH04436,PH00597,0,0.0,0.0,0.0,0.0,3.0
PH01168,PH02068,0,0.0,0.0,0.0,0.0,3.0
PH00154,PH01623,0,0.0,0.0,0.0,0.0,5.0
PH01532,PH04214,0,1.0,0.1,0.5581106265512472,0.16666666666666666,30.0
PH01875,PH02081,0,0.0,0.0,0.0,0.0,6.0
PH01057,PH01062,0,0.0,0.0,0.0,0.0,3.0
PH00938,PH02219,0,0.0,0.0,0.0,0.0,15.0
PH01916,PH04377,0,0.0,0.0,0.0,0.0,9.0
PH02877,PH03665,0,1.0,0.09090909090909091,0.7213475204444817,0.25,36.0
PH01246,PH03166,0,0.0,0.0,0.0,0.0,42.0
PH01420,PH03931,0,0.0,0.0,0.0,0.0,18.0
PH02946,PH03122,0,0.0,0.0,0.0,0.0,6.0
PH02998,PH04308,0,0.0,0.0,0.0,0.0,8.0
PH00835,PH01347,0,1.0,0.14285714285714285,0.48089834696298783,0.125,16.0
PH01874,PH01665,0,0.0,0.0,0.0,0.0,6.0
PH02544,PH04088,0,0.0,0.0,0.0,0.0,3.0
PH00777,PH04308,0,0.0,0.0,0.0,0.0,24.0
PH01588,PH00277,0,0.0,0.0,0.0,0.0,15.0
PH01510,PH02445,0,1.0,0.2,0.48089834696298783,0.125,9.0
PH03343,PH03669,0,0.0,0.0,0.0,0.0,24.0
PH00379,PH03186,0,0.0,0.0,0.0,0.0,3.0
PH01224,PH04381,0,0.0,0.0,0.0,0.0,9.0
PH01720,PH00737,0,0.0,0.0,0.0,0.0,6.0
PH00767,PH01250,0,1.0,0.16666666666666666,0.6213349345596119,0.2,10.0
PH03274,PH00284,0,0.0,0.0,0.0,0.0,2.0
PH02855,PH01985,0,0.0,0.0,0.0,0.0,4.0
PH02312,PH02904,0,0.0,0.0,0.0,0.0,15.0
PH01650,PH03739,0,0.0,0.0,0.0,0.0,6.0
PH04021,PH00080,0,1.0,0.14285714285714285,0.5581106265512472,0.16666666666666666,16.0
PH03466,PH03271,0,0.0,0.0,0.0,0.0,15.0
PH03221,PH03015,0,0.0,0.0,0.0,0.0,10.0
PH03358,PH03366,0,0.0,0.0,0.0,0.0,4.0
PH02410,PH02983,0,0.0,0.0,0.0,0.0,8.0
PH01869,PH03628,0,1.0,0.16666666666666666,0.5581106265512472,0.16666666666666666,12.0
PH04178,PH01630,0,0.0,0.0,0.0,0.0,12.0
PH04106,PH04340,0,0.0,0.0,0.0,0.0,3.0
PH02529,PH03423,0,0.0,0.0,0.0,0.0,9.0
PH02368,PH02615,0,0.0,0.0,0.0,0.0,8.0
PH03125,PH00994,0,1.0,0.125,0.6213349345596119,0.2,20.0
PH00294,PH03812,0,0.0,0.0,0.0,0.0,2.0
PH01558,PH03203,0,0.0,0.0,0.0,0.0,15.0
PH00178,PH01931,0,0.0,0.0,0.0,0.0,4.0
PH01073,PH03925,0,0.0,0.0,0.0,0.0,6.0
PH04039,PH02344,0,1.0,0.2,0.6213349345596119,0.2,9.0
PH01818,PH03393,0,0.0,0.0,0.0,0.0,1.0
PH03552,PH03482,0,0.0,0.0,0.0,0.0,4.0
PH01663,PH04019,0,0.0,0.0,0.0,0.0,8.0
PH03826,PH02485,0,0.0,0.0,0.0,0.0,9.0
PH00005,PH00680,0,1.0,0.16666666666666666,0.48089834696298783,0.125,12.0
PH00265,PH01581,0,0.0,0.0,0.0,0.0,3.0
PH03884,PH04292,0,0.0,0.0,0.0,0.0,6.0
PH01835,PH04335,0,0.0,0.0,0.0,0.0,8.0
PH03889,PH04394,0,0.0,0.0,0.0,0.0,10.0
PH01919,PH04259,0,1.0,0.2,0.5581106265512472,0.16666666666666666,9.0
PH00345,PH04236,0,0.0,0.0,0.0,0.0,16.0
PH03179,PH02664,0,0.0,0.0,0.0,0.0,4.0
PH01800,PH00990,0,0.0,0.0,0.0,0.0,10.0
PH03136,PH00737,0,0.0,0.0,0.0,0.0,4.0
PH00132,PH03140,0,1.0,0.25,0.6213349345596119,0.2,6.0
PH03043,PH02598,0,0.0,0.0,0.0,0.0,8.0
PH03132,PH01660,0,0.0,0.0,0.0,0.0,28.0
PH01994,PH03204,0,0.0,0.0,0.0,0.0,24.0
PH04380,PH03433,0,0.0,0.0,0.0,0.0,4.0
PH01856,PH01951,0,1.0,0.09090909090909091,0.7213475204444817,0.25,35.0
PH00766,PH00530,0,0.0,0.0,0.0,0.0,8.0
PH01348,PH04005,0,0.0,0.0,0.0,0.0,16.0
PH01344,PH00919,0,0.0,0.0,0.0,0.0,16.0
PH00439,PH04313,0,0.0,0.0,0.0,0.0,8.0
PH03216,PH04020,0,1.0,0.125,0.6213349345596119,0.2,20.0
PH03248,PH00127,0,0.0,0.0,0.0,0.0,45.0
PH04109,PH01019,0,0.0,0.0,0.0,0.0,9.0
PH04498,PH01639,0,0.0,0.0,0.0,0.0,4.0
PH02087,PH00340,0,0.0,0.0,0.0,0.0,15.0
PH03785,PH03097,0,1.0,0.5,0.5138983423697507,0.14285714285714285,2.0
PH04225,PH02869,0,0.0,0.0,0.0,0.0,5.0
PH00778,PH02088,0,0.0,0.0,0.0,0.0,12.0
PH03306,PH00239,0,0.0,0.0,0.0,0.0,3.0
PH03921,PH01059,0,0.0,0.0,0.0,0.0,16.0
PH01946,PH03384,0,1.0,0.1111111111111111,0.9102392266268373,0.3333333333333333,21.0
PH03453,PH00220,0,0.0,0.0,0.0,0.0,8.0
PH01761,PH00559,0,0.0,0.0,0.0,0.0,15.0
PH02053,PH01488,0,0.0,0.0,0.0,0.0,8.0
PH01290,PH04420,0,0.0,0.0,0.0,0.0,15.0
PH02176,PH00997,0,1.0,0.1111111111111111,0.7213475204444817,0.25,24.0
PH02877,PH02575,0,0.0,0.0,0.0,0.0,24.0
PH03429,PH02972,0,0.0,0.0,0.0,0.0,8.0
PH02810,PH02014,0,0.0,0.0,0.0,0.0,3.0
PH02891,PH04135,0,0.0,0.0,0.0,0.0,8.0
PH00990,PH02372,0,1.0,0.25,0.6213349345596119,0.2,6.0
PH00803,PH02084,0,0.0,0.0,0.0,0.0,9.0
PH00317,PH03887,0,0.0,0.0,0.0,0.0,15.0
PH01106,PH03125,0,0.0,0.0,0.0,0.0,20.0
PH01580,PH02042,0,0.0,0.0,0.0,0.0,2.0
PH03030,PH00341,0,1.0,0.25,0.9102392266268373,0.3333333333333333,6.0
PH02980,PH02551,0,0.0,0.0,0.0,0.0,18.0
PH03482,PH04391,0,0.0,0.0,0.0,0.0,6.0
PH01345,PH03030,0,0.0,0.0,0.0,0.0,3.0
PH04438,PH04278,0,0.0,0.0,0.0,0.0,4.0
PH04492,PH02006,0,1.0,0.2,0.6213349345596119,0.2,8.0
PH01004,PH00722,0,0.0,0.0,0.0,0.0,2.0
PH01476,PH01684,0,0.0,0.0,0.0,0.0,3.0
PH01330,PH04099,0,0.0,0.0,0.0,0.0,2.0
PH01588,PH01250,0,0.0,0.0,0.0,0.0,10.0
PH00057,PH01979,0,1.0,0.1,0.7213475204444817,0.25,30.0
PH02632,PH02351,0,0.0,0.0,0.0,0.0,12.0
PH02319,PH02828,0,0.0,0.0,0.0,0.0,1.0
PH02440,PH00403,0,0.0,0.0,0.0,0.0,14.0
PH00856,PH03595,0,0.0,0.0,0.0,0.0,3.0
PH01772,PH02168,0,1.0,0.25,0.9102392266268373,0.3333333333333333,6.0
PH03889,PH03206,0,0.0,0.0,0.0,0.0,4.0
PH01192,PH02189,0,0.0,0.0,0.0,0.0,10.0
PH03244,PH00958,0,0.0,0.0,0.0,0.0,6.0
PH00779,PH02581,0,0.0,0.0,0.0,0.0,8.0
PH03036,PH03957,0,1.0,0.09090909090909091,0.7213475204444817,0.25,32.0
PH04246,PH00936,0,0.0,0.0,0.0,0.0,12.0
PH00164,PH03424,0,0.0,0.0,0.0,0.0,3.0
PH04068,PH03569,0,0.0,0.0,0.0,0.0,6.0
PH00916,PH03528,0,0.0,0.0,0.0,0.0,5.0
PH01158,PH02724,0,1.0,0.16666666666666666,0.6213349345596119,0.2,6.0
PH00409,PH01669,0,0.0,0.0,0.0,0.0,9.0
PH03099,PH02573,0,0.0,0.0,0.0,0.0,9.0
PH00802,PH01291,0,0.0,0.0,0.0,0.0,8.0
PH00124,PH03850,0,0.0,0.0,0.0,0.0,15.0
PH02537,PH02431,0,1.0,0.2,0.9102392266268373,0.3333333333333333,9.0
PH01293,PH03878,0,0.0,0.0,0.0,0.0,6.0
PH00882,PH01076,0,0.0,0.0,0.0,0.0,12.0
PH00820,PH02699,0,0.0,0.0,0.0,0.0,20.0
PH00358,PH03755,0,0.0,0.0,0.0,0.0,6.0
PH03168,PH04317,0,1.0,0.16666666666666666,0.9102392266268373,0.3333333333333333,6.0
PH00697,PH02570,0,0.0,0.0,0.0,0.0,16.0
PH00280,PH04196,0,0.0,0.0,0.0,0.0,9.0
PH02988,PH01564,0,0.0,0.0,0.0,0.0,12.0
PH00613,PH02197,0,0.0,0.0,0.0,0.0,4.0
PH01478,PH03933,0,1.0,0.125,0.6213349345596119,0.2,20.0
PH01194,PH01378,0,0.0,0.0,0.0,0.0,2.0
PH03629,PH02107,0,0.0,0.0,0.0,0.0,15.0
PH00046,PH01011,0,0.0,0.0,0.0,0.0,6.0
PH02179,PH01900,0,0.0,0.0,0.0,0.0,3.0
PH04446,PH02750,0,1.0,0.1111111111111111,0.6213349345596119,0.2,24.0
PH03773,PH01465,0,0.0,0.0,0.0,0.0,10.0
PH00882,PH03656,0,0.0,0.0,0.0,0.0,3.0
PH02795,PH00013,0,0.0,0.0,0.0,0.0,1.0
PH02296,PH00935,0,0.0,0.0,0.0,0.0,3.0
PH02543,PH00387,0,1.0,0.2,0.5581106265512472,0.16666666666666666,8.0
PH00617,PH00077,0,0.0,0.0,0.0,0.0,25.0
PH00012,PH04219,0,0.0,0.0,0.0,0.0,4.0
PH00803,PH01844,0,0.0,0.0,0.0,0.0,9.0
PH03347,PH03495,0,0.0,0.0,0.0,0.0,3.0
PH00001,PH02462,0,1.0,0.2,0.7213475204444817,0.25,9.0
PH00098,PH00407,0,0.0,0.0,0.0,0.0,7.0
PH02466,PH01293,0,0.0,0.0,0.0,0.0,6.0
PH03432,PH00340,0,0.0,0.0,0.0,0.0,20.0
PH00062,PH00339,0,0.0,0.0,0.0,0.0,6.0
PH01248,PH04001,0,1.0,0.1,0.5138983423697507,0.14285714285714285,30.0
PH02375,PH03191,0,0.0,0.0,0.0,0.0,12.0
PH00278,PH03860,0,0.0,0.0,0.0,0.0,5.0
PH02861,PH00406,0,0.0,0.0,0.0,0.0,4.0
PH02756,PH00417,0,0.0,0.0,0.0,0.0,8.0
PH00953,PH00735,0,1.0,0.16666666666666666,0.48089834696298783,0.125,12.0
PH03498,PH00159,0,0.0,0.0,0.0,0.0,12.0
PH04130,PH00257,0,0.0,0.0,0.0,0.0,3.0
PH04229,PH01622,0,0.0,0.0,0.0,0.0,5.0
PH00607,PH02326,0,0.0,0.0,0.0,0.0,12.0
PH01708,PH00026,0,1.0,0.16666666666666666,0.9102392266268373,0.3333333333333333,12.0
PH00101,PH00064,0,0.0,0.0,0.0,0.0,12.0
PH03070,PH03096,0,0.0,0.0,0.0,0.0,12.0
PH00175,PH02618,0,0.0,0.0,0.0,0.0,6.0
PH03279,PH03276,0,0.0,0.0,0.0,0.0,12.0
PH01912,PH01463,0,1.0,0.14285714285714285,0.9102392266268373,0.3333333333333333,16.0
PH00730,PH03991,0,0.0,0.0,0.0,0.0,16.0
PH02010,PH03381,0,0.0,0.0,0.0,0.0,10.0
PH03427,PH01215,0,0.0,0.0,0.0,0.0,2.0
PH03831,PH00032,0,0.0,0.0,0.0,0.0,50.0
PH03628,PH02090,0,1.0,0.14285714285714285,0.7213475204444817,0.25,16.0
PH00791,PH01856,0,0.0,0.0,0.0,0.0,14.0
PH03815,PH02430,0,0.0,0.0,0.0,0.0,16.0
PH03848,PH02486,0,0.0,0.0,0.0,0.0,2.0
PH00908,PH01156,0,0.0,0.0,0.0,0.0,8.0
PH03313,PH01755,0,1.0,0.25,0.6213349345596119,0.2,4.0
PH03275,PH01355,0,0.0,0.0,0.0,0.0,12.0
PH03111,PH00240,0,0.0,0.0,0.0,0.0,6.0
PH01025,PH03748,0,0.0,0.0,0.0,0.0,5.0
PH04046,PH02944,0,0.0,0.0,0.0,0.0,12.0
PH02725,PH03240,0,1.0,0.2,0.5581106265512472,0.16666666666666666,9.0
PH01585,PH01050,0,0.0,0.0,0.0,0.0,8.0
PH00927,PH01221,0,0.0,0.0,0.0,0.0,10.0
PH01531,PH03776,0,0.0,0.0,0.0,0.0,6.0
PH03515,PH00255,0,0.0,0.0,0.0,0.0,15.0
PH02174,PH00265,0,1.0,0.125,0.5581106265512472,0.16666666666666666,18.0
PH00878,PH01632,0,0.0,0.0,0.0,0.0,16.0
PH04135,PH00853,0,0.0,0.0,0.0,0.0,8.0
PH03175,PH03999,0,0.0,0.0,0.0,0.0,6.0
PH03146,PH01125,0,0.0,0.0,0.0,0.0,4.0
PH03211,PH03182,0,1.0,0.125,0.7213475204444817,0.25,20.0
PH00807,PH03696,0,0.0,0.0,0.0,0.0,9.0
PH03683,PH02901,0,0.0,0.0,0.0,0.0,24.0
PH03565,PH03771,0,0.0,0.0,0.0,0.0,3.0
PH03956,PH02553,0,0.0,0.0,0.0,0.0,9.0
PH00882,PH01704,0,1.0,0.16666666666666666,0.5581106265512472,0.16666666666666666,12.0
PH01264,PH01569,0,0.0,0.0,0.0,0.0,4.0
PH00071,PH02095,0,0.0,0.0,0.0,0.0,9.0
PH01026,PH00614,0,0.0,0.0,0.0,0.0,28.0
PH01858,PH02530,0,0.0,0.0,0.0,0.0,14.0
PH00671,PH00869,0,1.0,0.09090909090909091,0.9102392266268373,0.3333333333333333,35.0
PH00598,PH04016,0,0.0,0.0,0.0,0.0,4.0
PH02497,PH00533,0,0.0,0.0,0.0,0.0,4.0
PH03940,PH02709,0,0.0,0.0,0.0,0.0,1.0
PH04414,PH01142,0,0.0,0.0,0.0,0.0,9.0
PH01999,PH03783,0,1.0,0.3333333333333333,0.7213475204444817,0.25,3.0
PH01297,PH00702,0,0.0,0.0,0.0,0.0,4.0
PH01100,PH03621,0,0.0,0.0,0.0,0.0,16.0
PH03955,PH01713,0,0.0,0.0,0.0,0.0,2.0
PH00279,PH00449,0,0.0,0.0,0.0,0.0,1.0
PH03418,PH03731,0,1.0,0.16666666666666666,0.6213349345596119,0.2,12.0
PH00196,PH01349,0,0.0,0.0,0.0,0.0,6.0
PH04145,PH02454,0,0.0,0.0,0.0,0.0,14.0
PH01754,PH01498,0,0.0,0.0,0.0,0.0,20.0
PH02327,PH02710,0,0.0,0.0,0.0,0.0,6.0
PH00580,PH04171,0,1.0,0.1,0.5138983423697507,0.14285714285714285,24.0
PH02002,PH04237,0,0.0,0.0,0.0,0.0,30.0
PH01660,PH01641,0,0.0,0.0,0.0,0.0,14.0
PH01032,PH01578,0,0.0,0.0,0.0,0.0,6.0
PH00971,PH03147,0,0.0,0.0,0.0,0.0,8.0
PH00916,PH03540,0,1.0,0.16666666666666666,0.5138983423697507,0.14285714285714285,10.0
PH03210,PH02691,0,0.0,0.0,0.0,0.0,3.0
PH02337,PH03258,0,0.0,0.0,0.0,0.0,8.0
PH00796,PH02394,0,0.0,0.0,0.0,0.0,4.0
PH03998,PH03931,0,0.0,0.0,0.0,0.0,30.0
PH02436,PH00499,0,1.0,0.125,0.5581106265512472,0.16666666666666666,14.0
PH00917,PH02775,0,0.0,0.0,0.0,0.0,9.0
PH00671,PH02773,0,0.0,0.0,0.0,0.0,21.0
PH00491,PH00439,0,0.0,0.0,0.0,0.0,20.0
PH00813,PH04286,0,0.0,0.0,0.0,0.0,4.0
PH00165,PH01288,0,1.0,0.125,0.6213349345596119,0.2,20.0
PH00152,PH01431,0,0.0,0.0,0.0,0.0,2.0
PH01962,PH00940,0,0.0,0.0,0.0,0.0,5.0
PH02102,PH00716,0,0.0,0.0,0.0,0.0,24.0
PH01167,PH03303,0,0.0,0.0,0.0,0.0,6.0
PH01227,PH00958,0,1.0,0.2,0.9102392266268373,0.3333333333333333,9.0
PH01906,PH03464,0,0.0,0.0,0.0,0.0,4.0
PH01817,PH00560,0,0.0,0.0,0.0,0.0,32.0
PH03254,PH01873,0,0.0,0.0,0.0,0.0,10.0
PH03367,PH04439,0,0.0,0.0,0.0,0.0,12.0
PH04457,PH02407,0,1.0,0.3333333333333333,0.7213475204444817,0.25,3.0
PH02003,PH03338,0,0.0,0.0,0.0,0.0,4.0
PH02819,PH00476,0,0.0,0.0,0.0,0.0,9.0
PH02228,PH02272,0,0.0,0.0,0.0,0.0,6.0
PH03495,PH04488,0,0.0,0.0,0.0,0.0,1.0
PH01100,PH02088,0,1.0,0.14285714285714285,0.9102392266268373,0.3333333333333333,16.0
PH02448,PH00867,0,0.0,0.0,0.0,0.0,3.0
PH03393,PH03954,0,0.0,0.0,0.0,0.0,6.0
PH03887,PH00731,0,0.0,0.0,0.0,0.0,20.0
PH02194,PH00904,0,0.0,0.0,0.0,0.0,21.0
PH04432,PH02189,0,1.0,0.125,0.6213349345596119,0.2,20.0
PH00993,PH01540,0,0.0,0.0,0.0,0.0,28.0
PH02041,PH02800,0,0.0,0.0,0.0,0.0,6.0
PH01273,PH03231,0,0.0,0.0,0.0,0.0,6.0
PH00951,PH00937,0,0.0,0.0,0.0,0.0,24.0
PH02706,PH01098,0,1.0,0.08333333333333333,0.9102392266268373,0.3333333333333333,40.0
PH03680,PH03266,0,0.0,0.0,0.0,0.0,4.0
PH01710,PH03694,0,0.0,0.0,0.0,0.0,6.0
PH00823,PH04274,0,0.0,0.0,0.0,0.0,8.0
PH03910,PH01166,0,0.0,0.0,0.0,0.0,4.0
PH01049,PH02214,0,1.0,0.2,0.9102392266268373,0.3333333333333333,9.0
PH04483,PH00345,0,0.0,0.0,0.0,0.0,4.0
PH03031,PH03114,0,0.0,0.0,0.0,0.0,20.0
PH00478,PH01006,0,0.0,0.0,0.0,0.0,6.0
PH04253,PH04468,0,0.0,0.0,0.0,0.0,6.0
PH02949,PH02008,0,1.0,0.125,0.7213475204444817,0.25,20.0
PH01053,PH00473,0,0.0,0.0,0.0,0.0,4.0
PH03142,PH02463,0,0.0,0.0,0.0,0.0,2.0
PH01311,PH01262,0,0.0,0.0,0.0,0.0,9.0
PH00206,PH00111,0,0.0,0.0,0.0,0.0,12.0
PH02939,PH04385,0,1.0,0.2,0.6213349345596119,0.2,8.0
PH02343,PH02831,0,0.0,0.0,0.0,0.0,6.0
PH01671,PH00013,0,0.0,0.0,0.0,0.0,4.0
PH02264,PH02414,0,0.0,0.0,0.0,0.0,20.0
PH00840,PH01037,0,0.0,0.0,0.0,0.0,28.0
PH02617,PH01561,0,1.0,0.1111111111111111,0.7213475204444817,0.25,21.0
PH01411,PH02381,0,0.0,0.0,0.0,0.0,2.0
PH03734,PH01548,0,0.0,0.0,0.0,0.0,4.0
PH03863,PH02005,0,0.0,0.0,0.0,0.0,2.0
PH02540,PH03152,0,0.0,0.0,0.0,0.0,9.0
PH01956,PH03737,0,1.0,0.1111111111111111,0.48089834696298783,0.125,24.0
PH00847,PH01088,0,0.0,0.0,0.0,0.0,18.0
PH04160,PH00558,0,0.0,0.0,0.0,0.0,5.0
PH00373,PH03290,0,0.0,0.0,0.0,0.0,4.0
PH04027,PH01646,0,0.0,0.0,0.0,0.0,12.0
PH01386,PH04178,0,1.0,0.16666666666666666,0.5581106265512472,0.16666666666666666,12.0
PH04441,PH02500,0,0.0,0.0,0.0,0.0,12.0
PH03899,PH04328,0,0.0,0.0,0.0,0.0,4.0
PH00862,PH01623,0,0.0,0.0,0.0,0.0,4.0
PH04237,PH03675,0,0.0,0.0,0.0,0.0,20.0
PH03043,PH00386,0,1.0,0.08333333333333333,0.5581106265512472,0.16666666666666666,40.0
PH03906,PH04308,0,0.0,0.0,0.0,0.0,32.0
PH00125,PH02511,0,0.0,0.0,0.0,0.0,4.0
PH02816,PH02335,0,0.0,0.0,0.0,0.0,48.0
PH03241,PH01962,0,0.0,0.0,0.0,0.0,20.0
PH00118,PH00841,0,1.0,0.16666666666666666,0.9102392266268373,0.3333333333333333,6.0
PH02674,PH01870,0,0.0,0.0,0.0,0.0,3.0
PH03544,PH03193,0,0.0,0.0,0.0,0.0,12.0
PH00798,PH04077,0,0.0,0.0,0.0,0.0,10.0
PH00181,PH04010,0,0.0,0.0,0.0,0.0,15.0
PH02287,PH04427,0,1.0,0.125,0.6213349345596119,0.2,18.0
PH00546,PH02906,0,0.0,0.0,0.0,0.0,4.0
PH00774,PH00735,0,0.0,0.0,0.0,0.0,8.0
PH03426,PH02163,0,0.0,0.0,0.0,0.0,2.0
PH03583,PH00729,0,0.0,0.0,0.0,0.0,10.0
PH03577,PH01606,0,1.0,0.5,0.9102392266268373,0.3333333333333333,2.0
PH03479,PH02967,0,0.0,0.0,0.0,0.0,2.0
PH04006,PH02616,0,0.0,0.0,0.0,0.0,8.0
PH03282,PH02198,0,0.0,0.0,0.0,0.0,10.0
PH01835,PH02949,0,0.0,0.0,0.0,0.0,16.0
PH00675,PH03627,0,1.0,1.0,0.5581106265512472,0.16666666666666666,1.0
PH00251,PH04295,0,0.0,0.0,0.0,0.0,18.0
PH03934,PH04342,0,0.0,0.0,0.0,0.0,9.0
PH01372,PH02856,0,0.0,0.0,0.0,0.0,8.0
PH02920,PH03313,0,0.0,0.0,0.0,0.0,5.0
PH01126,PH00389,0,1.0,0.125,0.7213475204444817,0.25,20.0
PH02050,PH03139,0,0.0,0.0,0.0,0.0,10.0
PH00243,PH02609,0,0.0,0.0,0.0,0.0,24.0
PH04356,PH03820,0,0.0,0.0,0.0,0.0,8.0
PH00271,PH01869,0,0.0,0.0,0.0,0.0,21.0
PH00692,PH01007,0,1.0,0.3333333333333333,0.5581106265512472,0.16666666666666666,3.0
PH04122,PH00031,0,0.0,0.0,0.0,0.0,3.0
PH03228,PH00966,0,0.0,0.0,0.0,0.0,25.0
PH01627,PH02050,0,0.0,0.0,0.0,0.0,12.0
PH01988,PH00920,0,0.0,0.0,0.0,0.0,42.0
PH02089,PH03908,0,1.0,0.125,0.9102392266268373,0.3333333333333333,8.0
PH01515,PH00617,0,0.0,0.0,0.0,0.0,20.0
PH01435,PH01353,0,0.0,0.0,0.0,0.0,8.0
PH03051,PH00711,0,0.0,0.0,0.0,0.0,2.0
PH00525,PH01732,0,0.0,0.0,0.0,0.0,3.0
PH02241,PH01724,0,1.0,0.16666666666666666,0.9102392266268373,0.3333333333333333,12.0
PH03279,PH04253,0,0.0,0.0,0.0,0.0,12.0
PH00742,PH02692,0,0.0,0.0,0.0,0.0,10.0
PH01167,PH01047,0,0.0,0.0,0.0,0.0,4.0
PH03459,PH00308,0,0.0,0.0,0.0,0.0,3.0
PH02718,PH02895,0,1.0,0.09090909090909091,1.4426950408889634,0.5,32.0
PH03665,PH00234,0,0.0,0.0,0.0,0.0,6.0
PH04423,PH02871,0,0.0,0.0,0.0,0.0,4.0
PH02640,PH01924,0,0.0,0.0,0.0,0.0,15.0
PH02259,PH03734,0,0.0,0.0,0.0,0.0,4.0
PH03728,PH02568,0,1.0,0.14285714285714285,0.9102392266268373,0.3333333333333333,15.0
PH02008,PH02981,0,0.0,0.0,0.0,0.0,15.0
PH01164,PH00938,0,0.0,0.0,0.0,0.0,10.0
PH01515,PH03271,0,0.0,0.0,0.0,0.0,20.0
PH02894,PH03621,0,0.0,0.0,0.0,0.0,20.0
PH01869,PH02306,0,1.0,0.25,0.5581106265512472,0.16666666666666666,6.0
PH03545,PH03085,0,0.0,0.0,0.0,0.0,3.0
PH01501,PH03052,0,0.0,0.0,0.0,0.0,3.0
PH03459,PH01316,0,0.0,0.0,0.0,0.0,9.0
PH04390,PH01167,0,0.0,0.0,0.0,0.0,6.0
PH03362,PH02772,0,1.0,0.2,0.9102392266268373,0.3333333333333333,5.0
PH03623,PH01746,0,0.0,0.0,0.0,0.0,16.0
PH04053,PH02251,0,0.0,0.0,0.0,0.0,3.0
PH01149,PH00850,0,0.0,0.0,0.0,0.0,4.0
PH03172,PH03539,0,0.0,0.0,0.0,0.0,10.0
PH02075,PH03410,0,1.0,0.16666666666666666,0.5138983423697507,0.14285714285714285,10.0
PH04204,PH03464,0,0.0,0.0,0.0,0.0,8.0
PH02385,PH01772,0,0.0,0.0,0.0,0.0,6.0
PH01528,PH01725,0,0.0,0.0,0.0,0.0,15.0
PH03309,PH02871,0,0.0,0.0,0.0,0.0,8.0
PH02356,PH02170,0,1.0,0.16666666666666666,0.6213349345596119,0.2,12.0
PH03109,PH03113,0,0.0,0.0,0.0,0.0,4.0
PH01972,PH02190,0,0.0,0.0,0.0,0.0,10.0
PH00282,PH02727,0,0.0,0.0,0.0,0.0,15.0
PH00547,PH02457,0,0.0,0.0,0.0,0.0,10.0
PH04214,PH00631,0,1.0,0.14285714285714285,0.9102392266268373,0.3333333333333333,15.0
PH00805,PH03597,0,0.0,0.0,0.0,0.0,18.0
PH03439,PH00188,0,0.0,0.0,0.0,0.0,10.0
PH02647,PH03345,0,1.0,0.25,0.5581106265512472,0.16666666666666666,6.0
PH02066,PH04211,0,0.0,0.0,0.0,0.0,2.0
PH00845,PH02927,0,1.0,0.25,0.6213349345596119,0.2,6.0
PH03726,PH01094,0,0.0,0.0,0.0,0.0,2.0
PH03666,PH00296,0,0.0,0.0,0.0,0.0,12.0
PH04079,PH04354,0,0.0,0.0,0.0,0.0,5.0
PH03552,PH03097,0,0.0,0.0,0.0,0.0,4.0
PH02129,PH01335,0,1.0,0.2,0.7213475204444817,0.25,9.0
PH03929,PH01474,0,0.0,0.0,0.0,0.0,2.0
PH02797,PH02999,0,0.0,0.0,0.0,0.0,6.0
PH00218,PH03845,0,0.0,0.0,0.0,0.0,10.0
PH01699,PH04066,0,0.0,0.0,0.0,0.0,2.0
PH03096,PH04234,0,1.0,0.09090909090909091,0.5581106265512472,0.16666666666666666,36.0
PH02682,PH04183,0,0.0,0.0,0.0,0.0,6.0
PH01217,PH02178,0,0.0,0.0,0.0,0.0,6.0
PH03919,PH02318,0,0.0,0.0,0.0,0.0,21.0
PH04494,PH02769,0,0.0,0.0,0.0,0.0,5.0
PH03995,PH00198,0,1.0,0.3333333333333333,0.43429448190325176,0.1,3.0
PH00264,PH02119,0,0.0,0.0,0.0,0.0,6.0
PH00011,PH03493,0,0.0,0.0,0.0,0.0,4.0
PH02140,PH02942,0,0.0,0.0,0.0,0.0,4.0
PH02252,PH04146,0,0.0,0.0,0.0,0.0,8.0
PH02877,PH02806,0,1.0,0.125,0.7213475204444817,0.25,18.0
PH02353,PH02130,0,0.0,0.0,0.0,0.0,3.0
PH04180,PH01731,0,0.0,0.0,0.0,0.0,12.0
PH02877,PH00632,0,0.0,0.0,0.0,0.0,24.0
PH00684,PH00249,0,0.0,0.0,0.0,0.0,1.0
PH02956,PH02974,0,1.0,0.16666666666666666,0.6213349345596119,0.2,12.0
PH03155,PH01881,0,0.0,0.0,0.0,0.0,5.0
PH01520,PH01852,0,0.0,0.0,0.0,0.0,3.0
PH03068,PH02716,0,0.0,0.0,0.0,0.0,21.0
PH00290,PH02901,0,0.0,0.0,0.0,0.0,32.0
PH03360,PH01858,0,1.0,0.1,1.4426950408889634,0.5,28.0
PH03680,PH03564,0,0.0,0.0,0.0,0.0,6.0
PH00747,PH02932,0,0.0,0.0,0.0,0.0,6.0
PH02562,PH00909,0,0.0,0.0,0.0,0.0,3.0
PH01737,PH00332,0,0.0,0.0,0.0,0.0,2.0
PH03779,PH01423,0,1.0,0.1111111111111111,0.6213349345596119,0.2,21.0
PH00373,PH00315,0,0.0,0.0,0.0,0.0,6.0
PH01305,PH03014,0,0.0,0.0,0.0,0.0,10.0
PH03033,PH00079,0,0.0,0.0,0.0,0.0,20.0
PH00997,PH01072,0,0.0,0.0,0.0,0.0,8.0
PH01454,PH03089,0,1.0,0.1,0.7213475204444817,0.25,24.0
PH03038,PH03870,0,0.0,0.0,0.0,0.0,8.0
PH00123,PH03857,0,0.0,0.0,0.0,0.0,4.0
PH03896,PH02352,0,0.0,0.0,0.0,0.0,15.0
PH03749,PH00933,0,0.0,0.0,0.0,0.0,3.0
PH03030,PH00341,0,1.0,0.25,0.9102392266268373,0.3333333333333333,6.0
PH00774,PH02011,0,0.0,0.0,0.0,0.0,4.0
PH04136,PH00319,0,0.0,0.0,0.0,0.0,10.0
PH00436,PH03209,0,0.0,0.0,0.0,0.0,6.0
PH01003,PH01529,0,0.0,0.0,0.0,0.0,15.0
PH03977,PH03045,0,1.0,0.1,0.48089834696298783,0.125,30.0
PH01702,PH02441,0,0.0,0.0,0.0,0.0,6.0
PH00154,PH03351,0,0.0,0.0,0.0,0.0,5.0
PH03122,PH00224,0,0.0,0.0,0.0,0.0,2.0
PH04267,PH02653,0,0.0,0.0,0.0,0.0,32.0
PH03551,PH00583,0,1.0,0.25,0.7213475204444817,0.25,4.0
PH01050,PH02035,0,0.0,0.0,0.0,0.0,4.0
PH00517,PH01071,0,0.0,0.0,0.0,0.0,6.0
PH03544,PH00660,0,0.0,0.0,0.0,0.0,2.0
PH00606,PH00756,0,0.0,0.0,0.0,0.0,15.0
PH03711,PH01184,0,1.0,0.1111111111111111,0.6213349345596119,0.2,25.0
PH00343,PH03004,0,0.0,0.0,0.0,0.0,5.0
PH01848,PH01108,0,0.0,0.0,0.0,0.0,16.0
PH03355,PH04390,0,0.0,0.0,0.0,0.0,3.0
PH03390,PH00274,0,0.0,0.0,0.0,0.0,6.0
PH01623,PH04194,0,1.0,0.25,0.7213475204444817,0.25,4.0
PH01189,PH03455,0,0.0,0.0,0.0,0.0,8.0
PH02238,PH01372,0,0.0,0.0,0.0,0.0,4.0
PH01499,PH04499,0,0.0,0.0,0.0,0.0,2.0
PH03343,PH01190,0,0.0,0.0,0.0,0.0,12.0
PH02189,PH02979,0,1.0,0.14285714285714285,0.5581106265512472,0.16666666666666666,15.0
PH00776,PH04310,0,0.0,0.0,0.0,0.0,12.0
PH03828,PH01676,0,0.0,0.0,0.0,0.0,8.0
PH02590,PH00485,0,0.0,0.0,0.0,0.0,3.0
PH04278,PH03809,0,0.0,0.0,0.0,0.0,6.0
PH02457,PH02531,0,1.0,0.16666666666666666,0.5581106265512472,0.16666666666666666,10.0
PH01045,PH00770,0,0.0,0.0,0.0,0.0,15.0
PH02049,PH03900,0,0.0,0.0,0.0,0.0,30.0
PH02228,PH01151,0,1.0,0.16666666666666666,0.7213475204444817,0.25,12.0
PH01265,PH03367,0,0.0,0.0,0.0,0.0,8.0
PH02766,PH03596,0,1.0,0.25,0.5581106265512472,0.16666666666666666,6.0
PH02816,PH02691,0,0.0,0.0,0.0,0.0,8.0
PH01788,PH01168,0,0.0,0.0,0.0,0.0,3.0
PH00475,PH02147,0,0.0,0.0,0.0,0.0,4.0
PH00612,PH02971,0,0.0,0.0,0.0,0.0,2.0
PH02856,PH04084,0,1.0,0.125,0.5138983423697507,0.14285714285714285,20.0
PH01728,PH00702,0,0.0,0.0,0.0,0.0,3.0
PH02491,PH02509,0,0.0,0.0,0.0,0.0,1.0
PH03954,PH03728,0,0.0,0.0,0.0,0.0,30.0
PH02096,PH03802,0,0.0,0.0,0.0,0.0,4.0
PH04450,PH03539,0,1.0,0.1111111111111111,0.7213475204444817,0.25,25.0
PH00413,PH00664,0,0.0,0.0,0.0,0.0,15.0
PH01642,PH03207,0,0.0,0.0,0.0,0.0,8.0
PH00087,PH00128,0,0.0,0.0,0.0,0.0,10.0
PH00377,PH00694,0,0.0,0.0,0.0,0.0,28.0
PH02889,PH00251,0,1.0,0.09090909090909091,0.7213475204444817,0.25,36.0
PH02530,PH02351,0,0.0,0.0,0.0,0.0,4.0
PH00394,PH02408,0,0.0,0.0,0.0,0.0,3.0
PH01605,PH01150,0,0.0,0.0,0.0,0.0,8.0
PH01311,PH01932,0,0.0,0.0,0.0,0.0,9.0
PH00691,PH01777,0,1.0,0.1,0.5581106265512472,0.16666666666666666,30.0
PH03284,PH04142,0,0.0,0.0,0.0,0.0,12.0
PH03277,PH00255,0,0.0,0.0,0.0,0.0,15.0
PH00350,PH01521,0,0.0,0.0,0.0,0.0,8.0
PH00521,PH01885,0,0.0,0.0,0.0,0.0,20.0
PH02848,PH03410,0,1.0,0.5,0.5138983423697507,0.14285714285714285,2.0
PH00900,PH03186,0,0.0,0.0,0.0,0.0,6.0
PH04444,PH01279,0,0.0,0.0,0.0,0.0,12.0
PH00139,PH03461,0,0.0,0.0,0.0,0.0,25.0
PH03221,PH00402,0,0.0,0.0,0.0,0.0,20.0
PH04184,PH04378,0,1.0,0.14285714285714285,0.5581106265512472,0.16666666666666666,15.0
PH01799,PH03860,0,0.0,0.0,0.0,0.0,3.0
PH03749,PH03376,0,0.0,0.0,0.0,0.0,6.0
PH01735,PH02002,0,0.0,0.0,0.0,0.0,18.0
PH03081,PH04424,0,0.0,0.0,0.0,0.0,10.0
PH00380,PH04408,0,1.0,0.16666666666666666,0.7213475204444817,0.25,12.0
PH02257,PH02672,0,0.0,0.0,0.0,0.0,20.0
PH03608,PH02900,0,0.0,0.0,0.0,0.0,15.0
PH02200,PH00271,0,0.0,0.0,0.0,0.0,7.0
PH01985,PH02423,0,0.0,0.0,0.0,0.0,24.0
PH04195,PH01850,0,1.0,0.3333333333333333,0.5138983423697507,0.14285714285714285,4.0
PH03424,PH00881,0,0.0,0.0,0.0,0.0,3.0
PH02756,PH01377,0,0.0,0.0,0.0,0.0,4.0
PH03849,PH04299,0,0.0,0.0,0.0,0.0,12.0
PH00951,PH02714,0,0.0,0.0,0.0,0.0,4.0
PH00709,PH02370,0,1.0,0.14285714285714285,0.7213475204444817,0.25,15.0
PH01433,PH04338,0,0.0,0.0,0.0,0.0,16.0
PH00423,PH03877,0,0.0,0.0,0.0,0.0,3.0
PH04346,PH04343,0,0.0,0.0,0.0,0.0,3.0
PH02299,PH02366,0,0.0,0.0,0.0,0.0,12.0
PH00465,PH00713,0,1.0,0.2,0.9102392266268373,0.3333333333333333,5.0
PH01681,PH03703,0,0.0,0.0,0.0,0.0,3.0
PH02030,PH02406,0,0.0,0.0,0.0,0.0,9.0
PH04179,PH02043,0,0.0,0.0,0.0,0.0,4.0
PH04311,PH03322,0,0.0,0.0,0.0,0.0,24.0
PH02848,PH03410,0,1.0,0.5,0.5138983423697507,0.14285714285714285,2.0
PH03314,PH04044,0,0.0,0.0,0.0,0.0,12.0
PH03478,PH02742,0,0.0,0.0,0.0,0.0,20.0
PH03510,PH03158,0,0.0,0.0,0.0,0.0,9.0
PH00178,PH01403,0,0.0,0.0,0.0,0.0,3.0
PH02871,PH03269,0,1.0,0.125,0.9102392266268373,0.3333333333333333,20.0
PH03999,PH00960,0,0.0,0.0,0.0,0.0,1.0
PH02090,PH02409,0,0.0,0.0,0.0,0.0,12.0
PH00088,PH02379,0,0.0,0.0,0.0,0.0,2.0
PH01505,PH00254,0,0.0,0.0,0.0,0.0,9.0
PH03773,PH01159,0,1.0,0.14285714285714285,0.6213349345596119,0.2,15.0
PH04018,PH00515,0,0.0,0.0,0.0,0.0,3.0
PH00882,PH03047,0,0.0,0.0,0.0,0.0,15.0
PH03358,PH03131,0,0.0,0.0,0.0,0.0,3.0
PH00574,PH01819,0,0.0,0.0,0.0,0.0,2.0
PH03633,PH00786,0,1.0,0.125,0.7213475204444817,0.25,20.0
PH03810,PH02898,0,0.0,0.0,0.0,0.0,8.0
PH03361,PH03756,0,0.0,0.0,0.0,0.0,20.0
PH00641,PH01301,0,0.0,0.0,0.0,0.0,4.0
PH02631,PH01459,0,0.0,0.0,0.0,0.0,18.0
PH01598,PH00521,0,1.0,0.16666666666666666,0.7213475204444817,0.25,12.0
PH03796,PH00603,0,0.0,0.0,0.0,0.0,4.0
PH01758,PH02951,0,0.0,0.0,0.0,0.0,5.0
PH00301,PH01350,0,0.0,0.0,0.0,0.0,6.0
PH04144,PH02968,0,0.0,0.0,0.0,0.0,6.0
PH04144,PH02573,0,1.0,0.2,0.7213475204444817,0.25,9.0
PH02713,PH04435,0,0.0,0.0,0.0,0.0,1.0
PH01684,PH03683,0,0.0,0.0,0.0,0.0,3.0
PH01664,PH04185,0,0.0,0.0,0.0,0.0,4.0
PH01017,PH02669,0,0.0,0.0,0.0,0.0,4.0
PH03288,PH03623,0,1.0,0.125,0.6213349345596119,0.2,20.0
PH03912,PH02202,0,0.0,0.0,0.0,0.0,12.0
PH03947,PH03838,0,0.0,0.0,0.0,0.0,12.0
PH04009,PH00082,0,0.0,0.0,0.0,0.0,12.0
PH03493,PH03042,0,0.0,0.0,0.0,0.0,24.0
PH01624,PH01451,0,1.0,0.16666666666666666,0.5581106265512472,0.16666666666666666,10.0
PH00054,PH01027,0,0.0,0.0,0.0,0.0,21.0
PH02127,PH02817,0,0.0,0.0,0.0,0.0,2.0
PH03490,PH00460,0,0.0,0.0,0.0,0.0,5.0
PH03813,PH03518,0,0.0,0.0,0.0,0.0,18.0
PH04051,PH02985,0,1.0,0.14285714285714285,0.6213349345596119,0.2,15.0
PH00054,PH02171,0,0.0,0.0,0.0,0.0,14.0
PH04319,PH00065,0,0.0,0.0,0.0,0.0,12.0
PH04220,PH03425,0,0.0,0.0,0.0,0.0,24.0
PH01980,PH03784,0,0.0,0.0,0.0,0.0,20.0
PH01054,PH02886,0,1.0,0.16666666666666666,0.7213475204444817,0.25,10.0
PH02375,PH01795,0,0.0,0.0,0.0,0.0,9.0
PH00279,PH02148,0,0.0,0.0,0.0,0.0,2.0
PH02194,PH01130,0,0.0,0.0,0.0,0.0,3.0
PH03951,PH03335,0,0.0,0.0,0.0,0.0,8.0
PH00904,PH00390,0,1.0,0.06666666666666667,0.6213349345596119,0.2,63.0
PH02347,PH00978,0,0.0,0.0,0.0,0.0,9.0
PH00931,PH03370,0,0.0,0.0,0.0,0.0,16.0
PH03241,PH02901,0,0.0,0.0,0.0,0.0,32.0
PH02524,PH00011,0,0.0,0.0,0.0,0.0,2.0
PH02040,PH02762,0,1.0,0.3333333333333333,0.5581106265512472,0.16666666666666666,3.0
PH02601,PH02277,0,0.0,0.0,0.0,0.0,12.0
PH01727,PH02843,0,0.0,0.0,0.0,0.0,2.0
PH03786,PH00256,0,0.0,0.0,0.0,0.0,14.0
PH01196,PH01445,0,0.0,0.0,0.0,0.0,20.0
PH03520,PH02602,0,1.0,0.16666666666666666,0.7213475204444817,0.25,12.0
PH00597,PH04095,0,0.0,0.0,0.0,0.0,3.0
PH03472,PH00268,0,0.0,0.0,0.0,0.0,30.0
PH00409,PH03111,0,0.0,0.0,0.0,0.0,9.0
PH01653,PH03119,0,0.0,0.0,0.0,0.0,8.0
PH02101,PH02001,0,1.0,0.16666666666666666,0.6213349345596119,0.2,10.0
PH04063,PH00301,0,0.0,0.0,0.0,0.0,4.0
PH04315,PH04131,0,0.0,0.0,0.0,0.0,7.0
PH02338,PH02349,0,0.0,0.0,0.0,0.0,12.0
PH01656,PH00106,0,0.0,0.0,0.0,0.0,3.0
PH03517,PH02198,0,1.0,0.3333333333333333,0.7213475204444817,0.25,4.0
PH00582,PH03863,0,0.0,0.0,0.0,0.0,10.0
PH01568,PH04193,0,0.0,0.0,0.0,0.0,3.0
PH02800,PH00972,0,0.0,0.0,0.0,0.0,3.0
PH02873,PH01134,0,0.0,0.0,0.0,0.0,4.0
PH03926,PH03274,0,1.0,0.3333333333333333,0.7213475204444817,0.25,3.0
PH02890,PH01853,0,0.0,0.0,0.0,0.0,12.0
PH03049,PH04002,0,0.0,0.0,0.0,0.0,16.0
PH01568,PH00928,0,0.0,0.0,0.0,0.0,6.0
PH02496,PH02690,0,0.0,0.0,0.0,0.0,6.0
PH02894,PH01653,0,1.0,0.125,0.6213349345596119,0.2,20.0
PH01852,PH01806,0,0.0,0.0,0.0,0.0,3.0
PH01818,PH02100,0,0.0,0.0,0.0,0.0,3.0
PH00637,PH02731,0,0.0,0.0,0.0,0.0,20.0
PH01727,PH00089,0,0.0,0.0,0.0,0.0,14.0
PH02841,PH00942,0,1.0,0.2,0.5581106265512472,0.16666666666666666,5.0
PH01044,PH01771,0,0.0,0.0,0.0,0.0,24.0
PH00921,PH02663,0,0.0,0.0,0.0,0.0,12.0
PH04346,PH01062,0,0.0,0.0,0.0,0.0,3.0
PH04398,PH00717,0,0.0,0.0,0.0,0.0,2.0
PH00393,PH02777,0,1.0,0.14285714285714285,0.9102392266268373,0.3333333333333333,12.0
PH04207,PH04306,0,0.0,0.0,0.0,0.0,3.0
PH00362,PH04176,0,0.0,0.0,0.0,0.0,2.0
PH02178,PH03061,0,0.0,0.0,0.0,0.0,3.0
PH02099,PH04309,0,0.0,0.0,0.0,0.0,2.0
PH01773,PH03497,0,1.0,0.125,0.43429448190325176,0.1,20.0
PH00107,PH01695,0,0.0,0.0,0.0,0.0,12.0
PH00524,PH00024,0,0.0,0.0,0.0,0.0,6.0
PH01497,PH01848,0,0.0,0.0,0.0,0.0,8.0
PH01313,PH01156,0,0.0,0.0,0.0,0.0,4.0
PH00871,PH03929,0,1.0,0.25,0.5138983423697507,0.14285714285714285,6.0
PH04489,PH00529,0,0.0,0.0,0.0,0.0,24.0
PH01794,PH03959,0,0.0,0.0,0.0,0.0,12.0
PH03543,PH03838,0,0.0,0.0,0.0,0.0,8.0
PH00454,PH01782,0,0.0,0.0,0.0,0.0,12.0
PH00791,PH00260,0,1.0,0.3333333333333333,0.9102392266268373,0.3333333333333333,4.0
PH00772,PH02745,0,0.0,0.0,0.0,0.0,16.0
PH04096,PH03627,0,0.0,0.0,0.0,0.0,4.0
PH02840,PH04247,0,0.0,0.0,0.0,0.0,6.0
PH03962,PH04406,0,0.0,0.0,0.0,0.0,10.0
PH00656,PH03960,0,1.0,0.2,0.48089834696298783,0.125,9.0
PH01196,PH00762,0,0.0,0.0,0.0,0.0,15.0
PH02201,PH02996,0,0.0,0.0,0.0,0.0,28.0
PH04195,PH01149,0,0.0,0.0,0.0,0.0,4.0
PH00083,PH01174,0,0.0,0.0,0.0,0.0,6.0
PH01696,PH02112,0,1.0,0.16666666666666666,0.6213349345596119,0.2,10.0
PH03265,PH00488,0,0.0,0.0,0.0,0.0,8.0
PH03402,PH00195,0,0.0,0.0,0.0,0.0,24.0
PH04386,PH03446,0,0.0,0.0,0.0,0.0,1.0
PH01109,PH02814,0,0.0,0.0,0.0,0.0,12.0
PH00148,PH02507,0,1.0,0.16666666666666666,0.9102392266268373,0.3333333333333333,12.0
PH04371,PH04340,0,0.0,0.0,0.0,0.0,4.0
PH01121,PH03013,0,0.0,0.0,0.0,0.0,4.0
PH03559,PH02700,0,0.0,0.0,0.0,0.0,2.0
PH00404,PH01413,0,0.0,0.0,0.0,0.0,3.0
PH02026,PH04420,0,1.0,0.14285714285714285,0.7213475204444817,0.25,15.0
PH02992,PH01203,0,0.0,0.0,0.0,0.0,14.0
PH01212,PH01037,0,0.0,0.0,0.0,0.0,14.0
PH04317,PH03223,0,0.0,0.0,0.0,0.0,2.0
PH03238,PH04237,0,0.0,0.0,0.0,0.0,10.0
PH01885,PH01794,0,1.0,0.125,0.7213475204444817,0.25,20.0
PH00080,PH00762,0,0.0,0.0,0.0,0.0,12.0
PH02826,PH02259,0,0.0,0.0,0.0,0.0,6.0
PH02703,PH04452,0,0.0,0.0,0.0,0.0,4.0
PH00168,PH02155,0,0.0,0.0,0.0,0.0,18.0
PH00284,PH01075,0,1.0,0.3333333333333333,0.7213475204444817,0.25,4.0
PH01403,PH02667,0,0.0,0.0,0.0,0.0,9.0
PH02855,PH01924,0,0.0,0.0,0.0,0.0,3.0
PH00926,PH03292,0,0.0,0.0,0.0,0.0,14.0
PH01810,PH03813,0,0.0,0.0,0.0,0.0,6.0
PH03108,PH02887,0,1.0,0.16666666666666666,1.4426950408889634,0.5,10.0
PH00694,PH02362,0,0.0,0.0,0.0,0.0,21.0
PH03571,PH01036,0,0.0,0.0,0.0,0.0,36.0
PH00144,PH01287,0,0.0,0.0,0.0,0.0,14.0
PH01388,PH01273,0,0.0,0.0,0.0,0.0,12.0
PH00626,PH03499,0,1.0,0.16666666666666666,0.5138983423697507,0.14285714285714285,10.0
PH03635,PH03520,0,0.0,0.0,0.0,0.0,8.0
PH01968,PH00248,0,0.0,0.0,0.0,0.0,4.0
PH01090,PH00228,0,0.0,0.0,0.0,0.0,9.0
PH04385,PH04388,0,0.0,0.0,0.0,0.0,2.0
PH03195,PH01762,0,1.0,0.125,0.9102392266268373,0.3333333333333333,20.0
PH00105,PH04264,0,0.0,0.0,0.0,0.0,3.0
PH01105,PH00618,0,0.0,0.0,0.0,0.0,5.0
PH01311,PH03829,0,0.0,0.0,0.0,0.0,12.0
PH00607,PH00532,0,0.0,0.0,0.0,0.0,12.0
PH04489,PH02573,0,1.0,0.16666666666666666,0.5138983423697507,0.14285714285714285,12.0
PH04089,PH00804,0,0.0,0.0,0.0,0.0,3.0
PH00428,PH00402,0,0.0,0.0,0.0,0.0,8.0
PH04191,PH01287,0,0.0,0.0,0.0,0.0,6.0
PH03295,PH01374,0,0.0,0.0,0.0,0.0,6.0
PH02642,PH01159,0,1.0,0.2,0.6213349345596119,0.2,9.0
PH01450,PH00607,0,0.0,0.0,0.0,0.0,24.0
PH03703,PH00859,0,0.0,0.0,0.0,0.0,2.0
PH00751,PH00123,0,0.0,0.0,0.0,0.0,1.0
PH02681,PH02690,0,0.0,0.0,0.0,0.0,9.0
PH03027,PH02113,0,1.0,0.2,0.7213475204444817,0.25,5.0
PH03024,PH00759,0,0.0,0.0,0.0,0.0,4.0
PH03965,PH04193,0,0.0,0.0,0.0,0.0,5.0
PH00438,PH02675,0,0.0,0.0,0.0,0.0,12.0
PH00328,PH00251,0,0.0,0.0,0.0,0.0,18.0
PH00139,PH00617,0,1.0,0.1111111111111111,0.7213475204444817,0.25,25.0
PH01519,PH03430,0,0.0,0.0,0.0,0.0,16.0
PH04101,PH03048,0,0.0,0.0,0.0,0.0,30.0
PH00991,PH01829,0,0.0,0.0,0.0,0.0,1.0
PH02511,PH02828,0,0.0,0.0,0.0,0.0,2.0
PH00904,PH01556,0,1.0,0.125,0.48089834696298783,0.125,14.0
PH00979,PH02006,0,0.0,0.0,0.0,0.0,8.0
PH00738,PH02409,0,0.0,0.0,0.0,0.0,3.0
PH01954,PH02500,0,0.0,0.0,0.0,0.0,8.0
PH01705,PH02234,0,0.0,0.0,0.0,0.0,6.0
PH04062,PH02831,0,1.0,0.3333333333333333,0.6213349345596119,0.2,3.0
PH01689,PH02842,0,0.0,0.0,0.0,0.0,10.0
PH00286,PH03644,0,0.0,0.0,0.0,0.0,1.0
PH04297,PH01181,0,0.0,0.0,0.0,0.0,15.0
PH03500,PH04129,0,0.0,0.0,0.0,0.0,2.0
PH04040,PH02227,0,1.0,0.14285714285714285,0.7213475204444817,0.25,15.0
PH02194,PH00129,0,0.0,0.0,0.0,0.0,6.0
PH02642,PH01034,0,0.0,0.0,0.0,0.0,18.0
PH01505,PH00713,0,0.0,0.0,0.0,0.0,3.0
PH04407,PH01076,0,0.0,0.0,0.0,0.0,12.0
PH02323,PH01670,0,1.0,0.125,0.7213475204444817,0.25,20.0
PH03174,PH02697,0,0.0,0.0,0.0,0.0,8.0
PH03692,PH00678,0,0.0,0.0,0.0,0.0,6.0
PH00391,PH03426,0,0.0,0.0,0.0,0.0,4.0
PH01317,PH04025,0,0.0,0.0,0.0,0.0,20.0
PH03671,PH03197,0,1.0,0.16666666666666666,0.6213349345596119,0.2,10.0
PH00932,PH00282,0,0.0,0.0,0.0,0.0,15.0
PH01884,PH02405,0,0.0,0.0,0.0,0.0,12.0
PH02989,PH01140,0,0.0,0.0,0.0,0.0,4.0
PH02337,PH01271,0,0.0,0.0,0.0,0.0,10.0
PH00829,PH02298,0,1.0,0.14285714285714285,0.48089834696298783,0.125,12.0
PH03789,PH01117,0,0.0,0.0,0.0,0.0,6.0
PH02078,PH01164,0,0.0,0.0,0.0,0.0,4.0
PH03837,PH00725,0,0.0,0.0,0.0,0.0,6.0
PH03563,PH03447,0,0.0,0.0,0.0,0.0,12.0
PH01464,PH03430,0,1.0,0.16666666666666666,1.4426950408889634,0.5,12.0
PH01948,PH02147,0,0.0,0.0,0.0,0.0,6.0
PH02330,PH01460,0,0.0,0.0,0.0,0.0,9.0
PH04127,PH03060,0,0.0,0.0,0.0,0.0,20.0
PH00918,PH02365,0,0.0,0.0,0.0,0.0,15.0
PH00474,PH02393,0,1.0,0.25,0.9102392266268373,0.3333333333333333,6.0
PH01999,PH03070,0,0.0,0.0,0.0,0.0,6.0
PH02052,PH02269,0,0.0,0.0,0.0,0.0,9.0
PH04191,PH01968,0,0.0,0.0,0.0,0.0,6.0
PH00684,PH03338,0,0.0,0.0,0.0,0.0,4.0
PH03628,PH01888,0,1.0,0.14285714285714285,0.7213475204444817,0.25,16.0
PH00411,PH00672,0,0.0,0.0,0.0,0.0,2.0
PH02537,PH01146,0,0.0,0.0,0.0,0.0,12.0
PH01541,PH03388,0,0.0,0.0,0.0,0.0,1.0
PH00752,PH03521,0,0.0,0.0,0.0,0.0,12.0
PH00669,PH03507,0,1.0,0.3333333333333333,0.5138983423697507,0.14285714285714285,4.0
PH01631,PH00915,0,0.0,0.0,0.0,0.0,6.0
PH01151,PH02929,0,0.0,0.0,0.0,0.0,12.0
PH03167,PH02042,0,0.0,0.0,0.0,0.0,2.0
PH00290,PH02812,0,0.0,0.0,0.0,0.0,8.0
PH02820,PH03488,0,1.0,0.2,0.7213475204444817,0.25,8.0
PH02518,PH03930,0,0.0,0.0,0.0,0.0,10.0
PH00732,PH04360,0,0.0,0.0,0.0,0.0,21.0
PH03977,PH03287,0,0.0,0.0,0.0,0.0,20.0
PH04483,PH01462,0,0.0,0.0,0.0,0.0,1.0
PH03175,PH00413,0,1.0,0.1,0.6213349345596119,0.2,30.0
PH04061,PH00801,0,0.0,0.0,0.0,0.0,4.0
PH04056,PH00166,0,0.0,0.0,0.0,0.0,4.0
PH00817,PH02408,0,0.0,0.0,0.0,0.0,9.0
PH03768,PH03875,0,0.0,0.0,0.0,0.0,5.0
PH00719,PH00163,0,1.0,0.1111111111111111,0.9102392266268373,0.3333333333333333,25.0
PH02603,PH00751,0,0.0,0.0,0.0,0.0,1.0
PH00969,PH03936,0,0.0,0.0,0.0,0.0,30.0
PH01289,PH02665,0,0.0,0.0,0.0,0.0,8.0
PH03981,PH01030,0,0.0,0.0,0.0,0.0,1.0
PH00102,PH00362,0,1.0,0.25,0.9102392266268373,0.3333333333333333,6.0
PH00953,PH03872,0,0.0,0.0,0.0,0.0,12.0
PH03774,PH02606,0,0.0,0.0,0.0,0.0,15.0
PH00745,PH01748,0,0.0,0.0,0.0,0.0,25.0
PH02389,PH00127,0,0.0,0.0,0.0,0.0,10.0
PH00946,PH03236,0,1.0,0.2,0.6213349345596119,0.2,9.0
PH03293,PH04144,0,0.0,0.0,0.0,0.0,6.0
PH02597,PH01099,0,0.0,0.0,0.0,0.0,12.0
PH03322,PH02174,0,0.0,0.0,0.0,0.0,18.0
PH03723,PH01283,0,0.0,0.0,0.0,0.0,4.0
PH03623,PH03221,0,1.0,0.125,0.6213349345596119,0.2,20.0
PH03188,PH04181,0,0.0,0.0,0.0,0.0,6.0
PH01691,PH01217,0,0.0,0.0,0.0,0.0,10.0
PH00972,PH03986,0,0.0,0.0,0.0,0.0,1.0
PH04044,PH01450,0,0.0,0.0,0.0,0.0,18.0
PH00570,PH02754,0,1.0,0.16666666666666666,0.5581106265512472,0.16666666666666666,12.0
PH02403,PH01724,0,0.0,0.0,0.0,0.0,16.0
PH01821,PH00351,0,0.0,0.0,0.0,0.0,12.0
PH03275,PH03232,0,0.0,0.0,0.0,0.0,4.0
PH02136,PH04053,0,0.0,0.0,0.0,0.0,6.0
PH02214,PH04174,0,1.0,0.125,0.6213349345596119,0.2,18.0
PH00565,PH00752,0,0.0,0.0,0.0,0.0,3.0
PH01509,PH01665,0,0.0,0.0,0.0,0.0,8.0
PH00188,PH01751,0,0.0,0.0,0.0,0.0,20.0
PH04418,PH00210,0,0.0,0.0,0.0,0.0,12.0
PH01246,PH02051,0,1.0,0.1111111111111111,0.6213349345596119,0.2,24.0
PH01149,PH04115,0,0.0,0.0,0.0,0.0,6.0
PH04083,PH01615,0,0.0,0.0,0.0,0.0,3.0
PH01469,PH01135,0,0.0,0.0,0.0,0.0,3.0
PH00504,PH03398,0,0.0,0.0,0.0,0.0,6.0
PH01319,PH01387,0,1.0,0.125,0.6213349345596119,0.2,20.0
PH02447,PH01233,0,0.0,0.0,0.0,0.0,15.0
PH03038,PH00157,0,0.0,0.0,0.0,0.0,12.0
PH03012,PH00692,0,0.0,0.0,0.0,0.0,5.0
PH02646,PH00873,0,0.0,0.0,0.0,0.0,6.0
PH02884,PH01558,0,1.0,0.125,0.6213349345596119,0.2,20.0
PH04373,PH03096,0,0.0,0.0,0.0,0.0,18.0
PH00668,PH00345,0,0.0,0.0,0.0,0.0,12.0
PH00241,PH00085,0,0.0,0.0,0.0,0.0,42.0
PH01461,PH03172,0,0.0,0.0,0.0,0.0,4.0
PH01400,PH00305,0,1.0,0.2,0.9102392266268373,0.3333333333333333,8.0
PH00355,PH00023,0,0.0,0.0,0.0,0.0,15.0
PH00593,PH00431,0,0.0,0.0,0.0,0.0,2.0
PH04198,PH03063,0,0.0,0.0,0.0,0.0,3.0
PH03061,PH02851,0,0.0,0.0,0.0,0.0,3.0
PH02805,PH03878,0,1.0,0.09090909090909091,0.9102392266268373,0.3333333333333333,36.0
PH00036,PH00883,0,0.0,0.0,0.0,0.0,9.0
PH03980,PH02010,0,0.0,0.0,0.0,0.0,12.0
PH02120,PH02147,0,0.0,0.0,0.0,0.0,10.0
PH00474,PH01121,0,0.0,0.0,0.0,0.0,4.0
PH03763,PH00825,0,1.0,0.16666666666666666,1.4426950408889634,0.5,10.0
PH02832,PH00306,0,0.0,0.0,0.0,0.0,9.0
PH01037,PH04231,0,0.0,0.0,0.0,0.0,21.0
PH01915,PH01319,0,0.0,0.0,0.0,0.0,20.0
PH03210,PH00884,0,0.0,0.0,0.0,0.0,12.0
PH02799,PH03662,0,1.0,0.2,0.7213475204444817,0.25,8.0
PH04499,PH00146,0,0.0,0.0,0.0,0.0,1.0
PH01180,PH04384,0,0.0,0.0,0.0,0.0,9.0
PH02375,PH00106,0,0.0,0.0,0.0,0.0,3.0
PH02003,PH01810,0,0.0,0.0,0.0,0.0,2.0
PH01602,PH03739,0,1.0,0.1,0.6213349345596119,0.2,30.0
PH04304,PH02612,0,0.0,0.0,0.0,0.0,10.0
PH03932,PH04313,0,0.0,0.0,0.0,0.0,2.0
PH01760,PH02886,0,0.0,0.0,0.0,0.0,6.0
PH02026,PH00364,0,0.0,0.0,0.0,0.0,12.0
PH03763,PH00825,0,1.0,0.16666666666666666,1.4426950408889634,0.5,10.0
PH04244,PH03419,0,0.0,0.0,0.0,0.0,2.0
PH01920,PH02872,0,0.0,0.0,0.0,0.0,4.0
PH03340,PH03108,0,0.0,0.0,0.0,0.0,5.0
PH04163,PH04179,0,0.0,0.0,0.0,0.0,3.0
PH03053,PH03186,0,1.0,0.3333333333333333,0.6213349345596119,0.2,3.0
PH03745,PH01675,0,0.0,0.0,0.0,0.0,8.0
PH01543,PH01987,0,0.0,0.0,0.0,0.0,8.0
PH00663,PH00703,0,0.0,0.0,0.0,0.0,12.0
PH00016,PH00812,0,0.0,0.0,0.0,0.0,20.0
PH00438,PH01260,0,1.0,0.1111111111111111,0.7213475204444817,0.25,24.0
PH02785,PH00237,0,0.0,0.0,0.0,0.0,12.0
PH02691,PH02400,0,0.0,0.0,0.0,0.0,4.0
PH00368,PH02374,0,0.0,0.0,0.0,0.0,5.0
PH00161,PH00301,0,0.0,0.0,0.0,0.0,10.0
PH03957,PH04394,0,1.0,0.08333333333333333,0.7213475204444817,0.25,40.0
PH04435,PH03598,0,0.0,0.0,0.0,0.0,3.0
PH00554,PH04352,0,0.0,0.0,0.0,0.0,3.0
PH02903,PH02922,0,0.0,0.0,0.0,0.0,15.0
PH01718,PH01449,0,0.0,0.0,0.0,0.0,3.0
PH00871,PH04478,0,1.0,0.16666666666666666,0.5138983423697507,0.14285714285714285,12.0
PH00025,PH00124,0,0.0,0.0,0.0,0.0,20.0
PH01875,PH00761,0,0.0,0.0,0.0,0.0,6.0
PH04253,PH00889,0,0.0,0.0,0.0,0.0,6.0
PH00800,PH00553,0,0.0,0.0,0.0,0.0,10.0
PH01959,PH02718,0,1.0,0.16666666666666666,0.6213349345596119,0.2,12.0
PH04244,PH00064,0,0.0,0.0,0.0,0.0,4.0
PH01685,PH04200,0,0.0,0.0,0.0,0.0,12.0
PH02230,PH04494,0,0.0,0.0,0.0,0.0,5.0
PH03123,PH00545,0,0.0,0.0,0.0,0.0,6.0
PH03709,PH03191,0,1.0,0.16666666666666666,0.6213349345596119,0.2,12.0
PH04266,PH02505,0,0.0,0.0,0.0,0.0,3.0
PH00723,PH04234,0,0.0,0.0,0.0,0.0,12.0
PH03237,PH00365,0,0.0,0.0,0.0,0.0,16.0
PH00352,PH03782,0,0.0,0.0,0.0,0.0,12.0
PH00711,PH00886,0,1.0,0.2,0.5581106265512472,0.16666666666666666,8.0
PH03369,PH01447,0,0.0,0.0,0.0,0.0,4.0
PH02565,PH03844,0,0.0,0.0,0.0,0.0,6.0
PH04382,PH00282,0,0.0,0.0,0.0,0.0,10.0
PH03992,PH01879,0,0.0,0.0,0.0,0.0,10.0
PH02610,PH01948,0,1.0,0.14285714285714285,0.7213475204444817,0.25,15.0
PH03350,PH03065,0,0.0,0.0,0.0,0.0,3.0
PH02416,PH02833,0,0.0,0.0,0.0,0.0,12.0
PH02098,PH04035,0,0.0,0.0,0.0,0.0,15.0
PH00791,PH03577,0,0.0,0.0,0.0,0.0,4.0
PH04230,PH00567,0,1.0,0.1111111111111111,0.7213475204444817,0.25,24.0
PH04206,PH01544,0,0.0,0.0,0.0,0.0,4.0
PH04325,PH00596,0,0.0,0.0,0.0,0.0,15.0
PH03236,PH01104,0,0.0,0.0,0.0,0.0,9.0
PH04329,PH03812,0,0.0,0.0,0.0,0.0,4.0
PH01700,PH02189,0,1.0,0.08333333333333333,0.6213349345596119,0.2,40.0
PH00591,PH00759,0,0.0,0.0,0.0,0.0,12.0
PH02133,PH03963,0,0.0,0.0,0.0,0.0,9.0
PH01947,PH00535,0,0.0,0.0,0.0,0.0,2.0
PH03748,PH02002,0,0.0,0.0,0.0,0.0,30.0
PH01005,PH01723,0,1.0,0.14285714285714285,0.9102392266268373,0.3333333333333333,16.0
PH02807,PH01480,0,0.0,0.0,0.0,0.0,20.0
PH00990,PH00855,0,0.0,0.0,0.0,0.0,2.0
PH00703,PH03416,0,0.0,0.0,0.0,0.0,6.0
PH02058,PH03433,0,0.0,0.0,0.0,0.0,20.0
PH01394,PH03403,0,1.0,0.1,0.5581106265512472,0.16666666666666666,24.0
PH04017,PH00977,0,0.0,0.0,0.0,0.0,6.0
PH02464,PH03710,0,0.0,0.0,0.0,0.0,4.0
PH03304,PH03157,0,0.0,0.0,0.0,0.0,3.0
PH03423,PH01159,0,0.0,0.0,0.0,0.0,9.0
PH00709,PH02833,0,1.0,0.125,0.6213349345596119,0.2,20.0
PH01710,PH00097,0,0.0,0.0,0.0,0.0,6.0
PH02603,PH02208,0,0.0,0.0,0.0,0.0,3.0
PH03120,PH01872,0,0.0,0.0,0.0,0.0,5.0
PH00212,PH02521,0,0.0,0.0,0.0,0.0,2.0
PH03038,PH00942,0,1.0,0.25,0.5581106265512472,0.16666666666666666,4.0
PH00541,PH04332,0,0.0,0.0,0.0,0.0,16.0
PH04369,PH02815,0,0.0,0.0,0.0,0.0,2.0
PH00695,PH03407,0,0.0,0.0,0.0,0.0,2.0
PH01446,PH01580,0,0.0,0.0,0.0,0.0,3.0
PH03936,PH00732,0,1.0,0.14285714285714285,0.6213349345596119,0.2,15.0
PH02088,PH01908,0,0.0,0.0,0.0,0.0,20.0
PH01544,PH01339,0,0.0,0.0,0.0,0.0,2.0
PH02481,PH03431,0,0.0,0.0,0.0,0.0,4.0
PH03085,PH00800,0,0.0,0.0,0.0,0.0,5.0
PH02785,PH02737,0,1.0,0.2,0.7213475204444817,0.25,9.0
PH00427,PH00077,0,0.0,0.0,0.0,0.0,10.0
PH04154,PH01448,0,0.0,0.0,0.0,0.0,20.0
PH01106,PH02357,0,0.0,0.0,0.0,0.0,4.0
PH01937,PH00295,0,0.0,0.0,0.0,0.0,20.0
PH00782,PH01398,0,1.0,0.09090909090909091,0.48089834696298783,0.125,32.0
PH02190,PH01646,0,0.0,0.0,0.0,0.0,6.0
PH00444,PH02199,0,0.0,0.0,0.0,0.0,3.0
PH02040,PH03378,0,0.0,0.0,0.0,0.0,1.0
PH01814,PH01250,0,0.0,0.0,0.0,0.0,4.0
PH03404,PH03911,0,1.0,0.16666666666666666,0.6213349345596119,0.2,10.0
PH01300,PH03075,0,0.0,0.0,0.0,0.0,8.0
PH00189,PH00981,0,0.0,0.0,0.0,0.0,4.0
PH02033,PH04110,0,0.0,0.0,0.0,0.0,16.0
PH03853,PH02909,0,0.0,0.0,0.0,0.0,4.0
PH01435,PH00459,0,1.0,0.2,0.7213475204444817,0.25,8.0
PH03083,PH03571,0,0.0,0.0,0.0,0.0,4.0
PH03678,PH01409,0,0.0,0.0,0.0,0.0,15.0
PH02323,PH01753,0,0.0,0.0,0.0,0.0,8.0
PH00784,PH00060,0,0.0,0.0,0.0,0.0,3.0
PH01275,PH04241,0,1.0,0.16666666666666666,0.7213475204444817,0.25,10.0
PH01481,PH03408,0,0.0,0.0,0.0,0.0,8.0
PH00012,PH01766,0,0.0,0.0,0.0,0.0,2.0
PH03206,PH04424,0,0.0,0.0,0.0,0.0,4.0
PH00493,PH00376,0,0.0,0.0,0.0,0.0,16.0
PH02575,PH02951,0,1.0,0.125,0.7213475204444817,0.25,20.0
PH00600,PH01255,0,0.0,0.0,0.0,0.0,9.0
PH01467,PH02593,0,0.0,0.0,0.0,0.0,4.0
PH01548,PH02341,0,0.0,0.0,0.0,0.0,12.0
PH00092,PH00315,0,0.0,0.0,0.0,0.0,6.0
PH04417,PH02462,0,1.0,0.2,0.9102392266268373,0.3333333333333333,9.0
PH03727,PH00058,0,0.0,0.0,0.0,0.0,3.0
PH01634,PH01588,0,0.0,0.0,0.0,0.0,25.0
PH02505,PH00612,0,0.0,0.0,0.0,0.0,6.0
PH00335,PH01217,0,0.0,0.0,0.0,0.0,4.0
PH01955,PH04143,0,1.0,0.14285714285714285,0.6213349345596119,0.2,16.0
PH02462,PH00921,0,0.0,0.0,0.0,0.0,9.0
PH02037,PH01648,0,0.0,0.0,0.0,0.0,2.0
PH00264,PH01006,0,0.0,0.0,0.0,0.0,9.0
PH04123,PH01962,0,0.0,0.0,0.0,0.0,5.0
PH00587,PH03878,0,1.0,0.1111111111111111,0.5138983423697507,0.14285714285714285,24.0
PH02415,PH04498,0,0.0,0.0,0.0,0.0,10.0
PH03595,PH03204,0,0.0,0.0,0.0,0.0,12.0
PH01532,PH03796,0,0.0,0.0,0.0,0.0,6.0
PH00539,PH04438,0,0.0,0.0,0.0,0.0,4.0
PH01831,PH00625,0,1.0,0.25,0.7213475204444817,0.25,6.0
PH00083,PH01698,0,0.0,0.0,0.0,0.0,18.0
PH03573,PH02133,0,0.0,0.0,0.0,0.0,9.0
PH04194,PH03283,0,0.0,0.0,0.0,0.0,4.0
PH03078,PH02670,0,0.0,0.0,0.0,0.0,3.0
PH01892,PH03505,0,1.0,0.14285714285714285,0.6213349345596119,0.2,15.0
PH01671,PH01038,0,0.0,0.0,0.0,0.0,16.0
PH00873,PH02419,0,0.0,0.0,0.0,0.0,3.0
PH00267,PH00957,0,0.0,0.0,0.0,0.0,4.0
PH00831,PH02800,0,0.0,0.0,0.0,0.0,6.0
PH04221,PH00811,0,1.0,0.14285714285714285,0.6213349345596119,0.2,16.0
PH02171,PH03546,0,0.0,0.0,0.0,0.0,4.0
PH01036,PH02700,0,0.0,0.0,0.0,0.0,9.0
PH03774,PH00091,0,0.0,0.0,0.0,0.0,15.0
PH02052,PH01213,0,0.0,0.0,0.0,0.0,3.0
PH01148,PH00607,0,1.0,0.1,0.7213475204444817,0.25,28.0
PH02072,PH00426,0,0.0,0.0,0.0,0.0,1.0
PH03842,PH02066,0,0.0,0.0,0.0,0.0,2.0
PH00172,PH02449,0,0.0,0.0,0.0,0.0,12.0
PH00204,PH03211,0,0.0,0.0,0.0,0.0,15.0
PH03919,PH02381,0,1.0,0.25,0.7213475204444817,0.25,6.0
PH02768,PH04198,0,0.0,0.0,0.0,0.0,9.0
PH02480,PH02358,0,0.0,0.0,0.0,0.0,5.0
PH01405,PH00134,0,0.0,0.0,0.0,0.0,4.0
PH02375,PH02585,0,0.0,0.0,0.0,0.0,9.0
PH00493,PH02258,0,1.0,0.2,1.4426950408889634,0.5,8.0
PH00620,PH04482,0,0.0,0.0,0.0,0.0,6.0
PH00301,PH03671,0,0.0,0.0,0.0,0.0,10.0
PH01696,PH01120,0,0.0,0.0,0.0,0.0,10.0
PH02152,PH01028,0,0.0,0.0,0.0,0.0,3.0
PH00119,PH00553,0,1.0,0.125,0.6213349345596119,0.2,14.0
PH03133,PH01781,0,0.0,0.0,0.0,0.0,1.0
PH03394,PH03978,0,0.0,0.0,0.0,0.0,2.0
PH02358,PH03002,0,0.0,0.0,0.0,0.0,6.0
PH02308,PH00126,0,0.0,0.0,0.0,0.0,6.0
PH01445,PH03979,0,1.0,0.14285714285714285,0.5138983423697507,0.14285714285714285,16.0
PH04279,PH00732,0,0.0,0.0,0.0,0.0,6.0
PH01956,PH02667,0,0.0,0.0,0.0,0.0,12.0
PH02718,PH02484,0,0.0,0.0,0.0,0.0,8.0
PH00071,PH03105,0,0.0,0.0,0.0,0.0,12.0
PH00966,PH01124,0,1.0,0.1111111111111111,0.7213475204444817,0.25,25.0
PH03233,PH02446,0,0.0,0.0,0.0,0.0,2.0
PH04498,PH00167,0,0.0,0.0,0.0,0.0,2.0
PH00275,PH02380,0,0.0,0.0,0.0,0.0,3.0
PH03469,PH02741,0,0.0,0.0,0.0,0.0,9.0
PH00965,PH02893,0,1.0,0.25,0.6213349345596119,0.2,6.0
PH01360,PH00751,0,0.0,0.0,0.0,0.0,5.0
PH03303,PH00585,0,0.0,0.0,0.0,0.0,9.0
PH03902,PH01162,0,0.0,0.0,0.0,0.0,4.0
PH03862,PH02427,0,0.0,0.0,0.0,0.0,8.0
PH02285,PH04087,0,1.0,0.25,0.5581106265512472,0.16666666666666666,6.0
PH01929,PH02573,0,0.0,0.0,0.0,0.0,9.0
PH02096,PH03609,0,0.0,0.0,0.0,0.0,16.0
PH04283,PH03316,0,0.0,0.0,0.0,0.0,8.0
PH02010,PH01574,0,0.0,0.0,0.0,0.0,6.0
PH02730,PH01196,0,1.0,0.1,0.9102392266268373,0.3333333333333333,30.0
PH03904,PH01387,0,0.0,0.0,0.0,0.0,10.0
PH02569,PH00651,0,0.0,0.0,0.0,0.0,4.0
PH01373,PH00530,0,0.0,0.0,0.0,0.0,8.0
PH02939,PH00381,0,0.0,0.0,0.0,0.0,8.0
PH02771,PH00271,0,1.0,0.07692307692307693,0.7213475204444817,0.25,49.0
PH01630,PH04109,0,0.0,0.0,0.0,0.0,9.0
PH04362,PH01946,0,0.0,0.0,0.0,0.0,14.0
PH00201,PH01908,0,1.0,0.1,0.5138983423697507,0.14285714285714285,30.0
PH03208,PH02233,0,0.0,0.0,0.0,0.0,25.0
PH01286,PH03962,0,1.0,0.2,0.9102392266268373,0.3333333333333333,5.0
PH01590,PH02155,0,0.0,0.0,0.0,0.0,9.0
PH03903,PH03585,0,0.0,0.0,0.0,0.0,9.0
PH03642,PH01469,0,0.0,0.0,0.0,0.0,2.0
PH04013,PH01414,0,0.0,0.0,0.0,0.0,6.0
PH03942,PH01865,0,1.0,0.25,0.48089834696298783,0.125,6.0
PH02632,PH01819,0,0.0,0.0,0.0,0.0,6.0
PH00567,PH01593,0,0.0,0.0,0.0,0.0,12.0
PH03165,PH02045,0,0.0,0.0,0.0,0.0,4.0
PH02421,PH03728,0,0.0,0.0,0.0,0.0,5.0
PH00297,PH01760,0,1.0,0.2,0.5138983423697507,0.14285714285714285,9.0
PH00117,PH00496,0,0.0,0.0,0.0,0.0,12.0
PH02781,PH03662,0,0.0,0.0,0.0,0.0,2.0
PH03323,PH02852,0,0.0,0.0,0.0,0.0,6.0
PH03254,PH01166,0,0.0,0.0,0.0,0.0,5.0
PH03258,PH02949,0,1.0,0.14285714285714285,0.9102392266268373,0.3333333333333333,16.0
PH02031,PH02054,0,0.0,0.0,0.0,0.0,4.0
PH01407,PH02353,0,0.0,0.0,0.0,0.0,3.0
PH03838,PH00454,0,0.0,0.0,0.0,0.0,24.0
PH00685,PH02791,0,0.0,0.0,0.0,0.0,18.0
PH04006,PH01404,0,1.0,0.25,0.9102392266268373,0.3333333333333333,4.0
PH04277,PH02805,0,0.0,0.0,0.0,0.0,6.0
PH02556,PH03502,0,0.0,0.0,0.0,0.0,20.0
PH00863,PH01210,0,0.0,0.0,0.0,0.0,6.0
PH00085,PH01709,0,0.0,0.0,0.0,0.0,24.0
PH03578,PH03963,0,1.0,0.16666666666666666,0.7213475204444817,0.25,12.0
PH01927,PH00812,0,0.0,0.0,0.0,0.0,20.0
PH03928,PH03729,0,0.0,0.0,0.0,0.0,12.0
PH03979,PH02282,0,0.0,0.0,0.0,0.0,12.0
PH04373,PH02113,0,0.0,0.0,0.0,0.0,3.0
PH01803,PH03892,0,1.0,0.25,0.48089834696298783,0.125,4.0
PH02083,PH04417,0,0.0,0.0,0.0,0.0,9.0
PH02790,PH02924,0,0.0,0.0,0.0,0.0,14.0
PH00828,PH03313,0,0.0,0.0,0.0,0.0,2.0
PH04274,PH01439,0,0.0,0.0,0.0,0.0,6.0
PH03425,PH03027,0,1.0,0.1,0.5138983423697507,0.14285714285714285,30.0
PH02279,PH02342,0,0.0,0.0,0.0,0.0,9.0
PH02144,PH02341,0,0.0,0.0,0.0,0.0,18.0
PH02955,PH04481,0,0.0,0.0,0.0,0.0,3.0
PH00187,PH01642,0,0.0,0.0,0.0,0.0,6.0
PH03351,PH02885,0,1.0,0.5,0.6213349345596119,0.2,2.0
PH04047,PH02866,0,0.0,0.0,0.0,0.0,12.0
PH01427,PH00123,0,0.0,0.0,0.0,0.0,4.0
PH00705,PH01642,0,0.0,0.0,0.0,0.0,4.0
PH00447,PH03644,0,0.0,0.0,0.0,0.0,2.0
PH02290,PH02441,0,1.0,0.2,0.7213475204444817,0.25,9.0
PH04218,PH01388,0,0.0,0.0,0.0,0.0,16.0
PH01583,PH01907,0,0.0,0.0,0.0,0.0,3.0
PH03051,PH01558,0,0.0,0.0,0.0,0.0,5.0
PH00933,PH01972,0,0.0,0.0,0.0,0.0,5.0
PH00220,PH03350,0,1.0,0.25,0.6213349345596119,0.2,6.0
PH00159,PH04337,0,0.0,0.0,0.0,0.0,4.0
PH01006,PH01633,0,0.0,0.0,0.0,0.0,12.0
PH03102,PH00573,0,0.0,0.0,0.0,0.0,12.0
PH02786,PH00165,0,0.0,0.0,0.0,0.0,20.0
PH00215,PH01175,0,1.0,0.1111111111111111,0.5581106265512472,0.16666666666666666,16.0
PH01610,PH03967,0,0.0,0.0,0.0,0.0,12.0
PH03706,PH00703,0,0.0,0.0,0.0,0.0,15.0
PH04264,PH00563,0,0.0,0.0,0.0,0.0,15.0
PH00241,PH03055,0,0.0,0.0,0.0,0.0,28.0
PH00173,PH03271,0,1.0,0.125,0.9102392266268373,0.3333333333333333,20.0
PH04438,PH01573,0,0.0,0.0,0.0,0.0,6.0
PH00612,PH04071,0,0.0,0.0,0.0,0.0,4.0
PH01913,PH03606,0,0.0,0.0,0.0,0.0,6.0
PH00526,PH01283,0,0.0,0.0,0.0,0.0,6.0
PH02542,PH01129,0,1.0,0.2,0.9102392266268373,0.3333333333333333,8.0
PH02043,PH03498,0,0.0,0.0,0.0,0.0,12.0
PH00706,PH00160,0,0.0,0.0,0.0,0.0,1.0
PH00720,PH00006,0,0.0,0.0,0.0,0.0,3.0
PH00934,PH02921,0,0.0,0.0,0.0,0.0,12.0
PH00664,PH03153,0,1.0,0.16666666666666666,0.5581106265512472,0.16666666666666666,12.0
PH00722,PH03996,0,0.0,0.0,0.0,0.0,1.0
PH02762,PH03731,0,0.0,0.0,0.0,0.0,9.0
PH00094,PH02742,0,0.0,0.0,0.0,0.0,16.0
PH02093,PH01938,0,0.0,0.0,0.0,0.0,8.0
PH01634,PH02934,0,1.0,0.1111111111111111,0.45511961331341866,0.1111111111111111,25.0
PH03268,PH04166,0,0.0,0.0,0.0,0.0,9.0
PH02156,PH02188,0,0.0,0.0,0.0,0.0,12.0
PH03447,PH04341,0,0.0,0.0,0.0,0.0,36.0
PH00328,PH02022,0,0.0,0.0,0.0,0.0,9.0
PH03756,PH02796,0,1.0,0.125,0.9102392266268373,0.3333333333333333,20.0
PH02882,PH04310,0,0.0,0.0,0.0,0.0,8.0
PH02560,PH01960,0,0.0,0.0,0.0,0.0,3.0
PH02984,PH01364,0,0.0,0.0,0.0,0.0,12.0
PH02515,PH03297,0,0.0,0.0,0.0,0.0,8.0
PH02826,PH01653,0,1.0,0.16666666666666666,0.6213349345596119,0.2,12.0
PH00283,PH00471,0,0.0,0.0,0.0,0.0,8.0
PH00539,PH01624,0,0.0,0.0,0.0,0.0,4.0
PH01402,PH02216,0,0.0,0.0,0.0,0.0,6.0
PH00482,PH01824,0,0.0,0.0,0.0,0.0,8.0
PH02201,PH02901,0,1.0,0.07142857142857142,0.6213349345596119,0.2,56.0
PH02263,PH00827,0,0.0,0.0,0.0,0.0,16.0
PH02752,PH04308,0,0.0,0.0,0.0,0.0,64.0
PH00382,PH02740,0,0.0,0.0,0.0,0.0,15.0
PH01328,PH04154,0,0.0,0.0,0.0,0.0,15.0
PH01540,PH02963,0,1.0,0.16666666666666666,0.48089834696298783,0.125,12.0
PH02138,PH02514,0,0.0,0.0,0.0,0.0,1.0
PH03968,PH01896,0,0.0,0.0,0.0,0.0,4.0
PH00580,PH02241,0,0.0,0.0,0.0,0.0,24.0
PH00631,PH04260,0,0.0,0.0,0.0,0.0,3.0
PH03380,PH03572,0,1.0,0.09090909090909091,0.6213349345596119,0.2,32.0
PH04160,PH01782,0,0.0,0.0,0.0,0.0,10.0
PH03203,PH00126,0,0.0,0.0,0.0,0.0,9.0
PH02794,PH04313,0,0.0,0.0,0.0,0.0,10.0
PH00643,PH00637,0,0.0,0.0,0.0,0.0,4.0
PH03355,PH01213,0,1.0,1.0,0.5581106265512472,0.16666666666666666,1.0
PH00612,PH00850,0,0.0,0.0,0.0,0.0,4.0
PH01400,PH02677,0,0.0,0.0,0.0,0.0,6.0
PH03477,PH00935,0,0.0,0.0,0.0,0.0,12.0
PH02113,PH00095,0,0.0,0.0,0.0,0.0,2.0
PH00834,PH00302,0,1.0,0.2,0.9102392266268373,0.3333333333333333,9.0
PH02349,PH00720,0,0.0,0.0,0.0,0.0,12.0
PH01400,PH01367,0,0.0,0.0,0.0,0.0,2.0
PH03665,PH01746,0,0.0,0.0,0.0,0.0,24.0
PH03617,PH01613,0,0.0,0.0,0.0,0.0,4.0
PH02089,PH01720,0,1.0,0.1,1.4426950408889634,0.5,24.0
PH02382,PH01216,0,0.0,0.0,0.0,0.0,4.0
PH01307,PH00720,0,0.0,0.0,0.0,0.0,15.0
PH01858,PH01043,0,0.0,0.0,0.0,0.0,21.0
PH03404,PH02414,0,0.0,0.0,0.0,0.0,8.0
PH00709,PH00380,0,1.0,0.14285714285714285,0.7213475204444817,0.25,15.0
PH00256,PH00576,0,0.0,0.0,0.0,0.0,8.0
PH03673,PH04180,0,0.0,0.0,0.0,0.0,12.0
PH02031,PH00939,0,0.0,0.0,0.0,0.0,16.0
PH02460,PH04203,0,0.0,0.0,0.0,0.0,12.0
PH03107,PH00307,0,1.0,0.1,0.6213349345596119,0.2,30.0
PH02071,PH03110,0,0.0,0.0,0.0,0.0,6.0
PH01397,PH04308,0,0.0,0.0,0.0,0.0,24.0
PH03300,PH02441,0,1.0,0.14285714285714285,1.4426950408889634,0.5,15.0
PH00263,PH03224,0,0.0,0.0,0.0,0.0,8.0
PH02302,PH04093,0,1.0,0.1111111111111111,0.5581106265512472,0.16666666666666666,21.0
PH02461,PH01770,0,0.0,0.0,0.0,0.0,24.0
PH01796,PH00807,0,0.0,0.0,0.0,0.0,6.0
PH02366,PH02277,0,0.0,0.0,0.0,0.0,12.0
PH03032,PH03770,0,0.0,0.0,0.0,0.0,15.0
PH01360,PH02850,0,1.0,0.14285714285714285,0.48089834696298783,0.125,15.0
PH02480,PH02055,0,0.0,0.0,0.0,0.0,15.0
PH03188,PH02238,0,0.0,0.0,0.0,0.0,4.0
PH02478,PH03869,0,0.0,0.0,0.0,0.0,8.0
PH00388,PH01064,0,0.0,0.0,0.0,0.0,3.0
PH01117,PH02193,0,1.0,0.16666666666666666,0.9102392266268373,0.3333333333333333,12.0
PH03986,PH00905,0,0.0,0.0,0.0,0.0,1.0
PH01119,PH04335,0,0.0,0.0,0.0,0.0,4.0
PH03528,PH00145,0,0.0,0.0,0.0,0.0,4.0
PH00465,PH02419,0,0.0,0.0,0.0,0.0,5.0
PH04290,PH01017,0,1.0,0.16666666666666666,0.6213349345596119,0.2,10.0
PH04405,PH03723,0,0.0,0.0,0.0,0.0,10.0
PH02176,PH03257,0,0.0,0.0,0.0,0.0,18.0
PH04176,PH03754,0,0.0,0.0,0.0,0.0,5.0
PH01859,PH00792,0,0.0,0.0,0.0,0.0,6.0
PH03097,PH03682,0,1.0,0.2,0.5138983423697507,0.14285714285714285,8.0
PH00879,PH03931,0,0.0,0.0,0.0,0.0,30.0
PH02811,PH01196,0,0.0,0.0,0.0,0.0,10.0
PH02833,PH02057,0,0.0,0.0,0.0,0.0,16.0
PH02061,PH02736,0,0.0,0.0,0.0,0.0,3.0
PH02591,PH02506,0,1.0,0.5,0.5581106265512472,0.16666666666666666,2.0
PH04194,PH02435,0,0.0,0.0,0.0,0.0,24.0
PH04401,PH03557,0,0.0,0.0,0.0,0.0,2.0
PH02660,PH04264,0,0.0,0.0,0.0,0.0,6.0
PH03952,PH04447,0,0.0,0.0,0.0,0.0,4.0
PH04257,PH00987,0,1.0,0.125,0.6213349345596119,0.2,20.0
PH01795,PH03769,0,0.0,0.0,0.0,0.0,12.0
PH01504,PH02915,0,0.0,0.0,0.0,0.0,4.0
PH02420,PH03822,0,0.0,0.0,0.0,0.0,15.0
PH02518,PH02890,0,0.0,0.0,0.0,0.0,15.0
PH00831,PH02617,0,1.0,0.125,0.5581106265512472,0.16666666666666666,14.0
PH00527,PH03152,0,0.0,0.0,0.0,0.0,6.0
PH00145,PH00598,0,0.0,0.0,0.0,0.0,4.0
PH00403,PH03712,0,0.0,0.0,0.0,0.0,21.0
PH00756,PH03348,0,0.0,0.0,0.0,0.0,30.0
PH01178,PH03957,0,1.0,0.09090909090909091,0.7213475204444817,0.25,32.0
PH02206,PH02987,0,0.0,0.0,0.0,0.0,2.0
PH00883,PH01893,0,0.0,0.0,0.0,0.0,9.0
PH00890,PH01621,0,0.0,0.0,0.0,0.0,6.0
PH00482,PH04376,0,0.0,0.0,0.0,0.0,6.0
PH00993,PH00175,0,1.0,0.1111111111111111,0.7213475204444817,0.25,21.0
PH01300,PH00588,0,0.0,0.0,0.0,0.0,6.0
PH00023,PH00939,0,0.0,0.0,0.0,0.0,20.0
PH02200,PH00709,0,0.0,0.0,0.0,0.0,5.0
PH03876,PH03905,0,0.0,0.0,0.0,0.0,6.0
PH02194,PH01969,0,1.0,0.2,0.5581106265512472,0.16666666666666666,9.0
PH04457,PH03757,0,0.0,0.0,0.0,0.0,6.0
PH00558,PH01386,0,0.0,0.0,0.0,0.0,3.0
PH01929,PH02009,0,0.0,0.0,0.0,0.0,12.0
PH02422,PH04369,0,0.0,0.0,0.0,0.0,8.0
PH02503,PH01865,0,1.0,0.14285714285714285,0.48089834696298783,0.125,12.0
PH04435,PH00782,0,0.0,0.0,0.0,0.0,8.0
PH02055,PH04144,0,0.0,0.0,0.0,0.0,9.0
PH00023,PH02132,0,0.0,0.0,0.0,0.0,20.0
PH02821,PH00564,0,0.0,0.0,0.0,0.0,6.0
PH00884,PH03649,0,1.0,0.2,0.6213349345596119,0.2,8.0
PH03515,PH02270,0,0.0,0.0,0.0,0.0,12.0
PH00752,PH02075,0,0.0,0.0,0.0,0.0,15.0
PH00385,PH00262,0,0.0,0.0,0.0,0.0,3.0
PH00410,PH03643,0,0.0,0.0,0.0,0.0,12.0
PH00879,PH02644,0,1.0,0.14285714285714285,0.7213475204444817,0.25,15.0
PH01955,PH03873,0,0.0,0.0,0.0,0.0,12.0
PH01481,PH01652,0,0.0,0.0,0.0,0.0,8.0
PH02119,PH00667,0,0.0,0.0,0.0,0.0,10.0
PH01140,PH02796,0,0.0,0.0,0.0,0.0,5.0
PH01037,PH04292,0,1.0,0.125,0.9102392266268373,0.3333333333333333,14.0
PH02886,PH00714,0,0.0,0.0,0.0,0.0,8.0
PH00079,PH01613,0,0.0,0.0,0.0,0.0,8.0
PH01199,PH03119,0,0.0,0.0,0.0,0.0,2.0
PH01994,PH03220,0,0.0,0.0,0.0,0.0,6.0
PH03111,PH01494,0,1.0,0.2,0.6213349345596119,0.2,9.0
PH01869,PH01605,0,0.0,0.0,0.0,0.0,12.0
PH00977,PH00470,0,0.0,0.0,0.0,0.0,8.0
PH01837,PH01328,0,0.0,0.0,0.0,0.0,6.0
PH04178,PH02536,0,0.0,0.0,0.0,0.0,8.0
PH02039,PH00153,0,1.0,0.1111111111111111,0.9102392266268373,0.3333333333333333,25.0
PH01360,PH02662,0,0.0,0.0,0.0,0.0,15.0
PH03156,PH04057,0,0.0,0.0,0.0,0.0,10.0
PH00364,PH00604,0,0.0,0.0,0.0,0.0,4.0
PH03411,PH03481,0,0.0,0.0,0.0,0.0,6.0
PH01989,PH02320,0,1.0,0.16666666666666666,0.5581106265512472,0.16666666666666666,12.0
PH04435,PH04271,0,0.0,0.0,0.0,0.0,2.0
PH00454,PH03205,0,0.0,0.0,0.0,0.0,18.0
PH03776,PH01732,0,0.0,0.0,0.0,0.0,9.0
PH00215,PH03977,0,0.0,0.0,0.0,0.0,40.0
PH02624,PH03957,0,1.0,0.125,0.48089834696298783,0.125,8.0
PH00421,PH03043,0,0.0,0.0,0.0,0.0,24.0
PH02297,PH04057,0,0.0,0.0,0.0,0.0,10.0
PH04433,PH02573,0,0.0,0.0,0.0,0.0,3.0
PH03592,PH03807,0,0.0,0.0,0.0,0.0,20.0
PH03084,PH03058,0,1.0,0.16666666666666666,0.6213349345596119,0.2,12.0
PH01575,PH02073,0,0.0,0.0,0.0,0.0,8.0
PH03231,PH02871,0,0.0,0.0,0.0,0.0,8.0
PH00703,PH00788,0,0.0,0.0,0.0,0.0,6.0
PH04420,PH01814,0,0.0,0.0,0.0,0.0,10.0
PH00633,PH01234,0,1.0,0.25,1.4426950408889634,0.5,4.0
PH04147,PH04054,0,0.0,0.0,0.0,0.0,24.0
PH02604,PH01790,0,0.0,0.0,0.0,0.0,6.0
PH01125,PH03017,0,0.0,0.0,0.0,0.0,5.0
PH00940,PH03898,0,0.0,0.0,0.0,0.0,2.0
PH03128,PH02722,0,1.0,0.3333333333333333,0.7213475204444817,0.25,4.0
PH02965,PH04095,0,0.0,0.0,0.0,0.0,9.0
PH00576,PH04346,0,0.0,0.0,0.0,0.0,12.0
PH03179,PH04277,0,0.0,0.0,0.0,0.0,2.0
PH00368,PH03172,0,0.0,0.0,0.0,0.0,2.0
PH00073,PH00626,0,1.0,0.125,0.5138983423697507,0.14285714285714285,20.0
PH01919,PH00101,0,0.0,0.0,0.0,0.0,9.0
PH01445,PH00102,0,0.0,0.0,0.0,0.0,12.0
PH02655,PH03913,0,0.0,0.0,0.0,0.0,4.0
PH04007,PH03948,0,0.0,0.0,0.0,0.0,6.0
PH00692,PH02318,0,1.0,0.14285714285714285,0.5581106265512472,0.16666666666666666,7.0
PH01891,PH01568,0,0.0,0.0,0.0,0.0,9.0
PH02291,PH02070,0,0.0,0.0,0.0,0.0,2.0
PH02937,PH04465,0,0.0,0.0,0.0,0.0,5.0
PH03445,PH02834,0,0.0,0.0,0.0,0.0,12.0
PH03111,PH00647,0,1.0,0.2,1.4426950408889634,0.5,9.0
PH03982,PH00743,0,0.0,0.0,0.0,0.0,6.0
PH02743,PH00220,0,0.0,0.0,0.0,0.0,8.0
PH04486,PH04106,0,0.0,0.0,0.0,0.0,9.0
PH01146,PH01068,0,0.0,0.0,0.0,0.0,12.0
PH01867,PH02012,0,1.0,0.125,0.6213349345596119,0.2,20.0
PH04028,PH02826,0,0.0,0.0,0.0,0.0,12.0
PH01897,PH04053,0,0.0,0.0,0.0,0.0,12.0
PH02683,PH02871,0,0.0,0.0,0.0,0.0,4.0
PH04486,PH01017,0,0.0,0.0,0.0,0.0,6.0
PH02924,PH00272,0,1.0,0.1111111111111111,0.43429448190325176,0.1,21.0
PH03393,PH04225,0,0.0,0.0,0.0,0.0,1.0
PH01127,PH03996,0,0.0,0.0,0.0,0.0,2.0
PH02742,PH03171,0,0.0,0.0,0.0,0.0,12.0
PH02004,PH02082,0,0.0,0.0,0.0,0.0,12.0
PH04003,PH03260,0,1.0,0.09090909090909091,0.6213349345596119,0.2,35.0
PH02270,PH01291,0,0.0,0.0,0.0,0.0,32.0
PH03942,PH03500,0,0.0,0.0,0.0,0.0,6.0
PH02452,PH02326,0,0.0,0.0,0.0,0.0,6.0
PH04427,PH01708,0,0.0,0.0,0.0,0.0,24.0
PH01655,PH02445,0,1.0,0.2,0.48089834696298783,0.125,9.0
PH01090,PH01799,0,0.0,0.0,0.0,0.0,9.0
PH00896,PH02694,0,0.0,0.0,0.0,0.0,4.0
PH04201,PH01207,0,0.0,0.0,0.0,0.0,6.0
PH02702,PH04046,0,0.0,0.0,0.0,0.0,12.0
PH00681,PH01246,0,1.0,0.1111111111111111,0.6213349345596119,0.2,24.0
PH02426,PH03995,0,0.0,0.0,0.0,0.0,9.0
PH03893,PH00507,0,0.0,0.0,0.0,0.0,3.0
PH00151,PH04275,0,0.0,0.0,0.0,0.0,24.0
PH00179,PH00304,0,0.0,0.0,0.0,0.0,8.0
PH03374,PH01146,0,1.0,0.16666666666666666,0.6213349345596119,0.2,12.0
PH04222,PH01036,0,0.0,0.0,0.0,0.0,9.0
PH03982,PH03812,0,0.0,0.0,0.0,0.0,2.0
PH02899,PH03415,0,0.0,0.0,0.0,0.0,2.0
PH02128,PH00155,0,0.0,0.0,0.0,0.0,24.0
PH00805,PH00085,0,1.0,0.125,0.6213349345596119,0.2,18.0
PH03828,PH03522,0,0.0,0.0,0.0,0.0,6.0
PH00967,PH02597,0,0.0,0.0,0.0,0.0,6.0
PH00908,PH04165,0,0.0,0.0,0.0,0.0,4.0
PH02554,PH04407,0,0.0,0.0,0.0,0.0,3.0
PH00154,PH03979,0,1.0,0.125,0.9102392266268373,0.3333333333333333,20.0
PH00351,PH02058,0,0.0,0.0,0.0,0.0,15.0
PH00732,PH01978,0,0.0,0.0,0.0,0.0,6.0
PH00767,PH00745,0,0.0,0.0,0.0,0.0,25.0
PH01761,PH01318,0,0.0,0.0,0.0,0.0,40.0
PH01155,PH01750,0,1.0,0.2,0.5581106265512472,0.16666666666666666,5.0
PH04114,PH02720,0,0.0,0.0,0.0,0.0,2.0
PH02790,PH01443,0,0.0,0.0,0.0,0.0,2.0
PH01639,PH03324,0,0.0,0.0,0.0,0.0,6.0
PH04169,PH02449,0,0.0,0.0,0.0,0.0,48.0
PH02176,PH03658,0,1.0,0.125,1.4426950408889634,0.5,18.0
PH02458,PH03837,0,0.0,0.0,0.0,0.0,4.0
PH00040,PH04499,0,0.0,0.0,0.0,0.0,2.0
PH00344,PH02849,0,0.0,0.0,0.0,0.0,1.0
PH03359,PH00242,0,0.0,0.0,0.0,0.0,2.0
PH00439,PH03205,0,1.0,0.16666666666666666,0.6213349345596119,0.2,12.0
PH01070,PH03995,0,0.0,0.0,0.0,0.0,6.0
PH03849,PH01937,0,0.0,0.0,0.0,0.0,20.0
PH02409,PH03103,0,0.0,0.0,0.0,0.0,24.0
PH01050,PH01801,0,0.0,0.0,0.0,0.0,8.0
PH02766,PH02134,0,1.0,0.2,0.5581106265512472,0.16666666666666666,9.0
PH00818,PH04002,0,0.0,0.0,0.0,0.0,12.0
PH04046,PH03952,0,0.0,0.0,0.0,0.0,6.0
PH04059,PH01356,0,0.0,0.0,0.0,0.0,7.0
PH01323,PH00018,0,0.0,0.0,0.0,0.0,8.0
PH02769,PH02610,0,1.0,0.2,0.6213349345596119,0.2,5.0
PH00059,PH03732,0,0.0,0.0,0.0,0.0,12.0
PH01427,PH03998,0,0.0,0.0,0.0,0.0,20.0
PH01919,PH01312,0,0.0,0.0,0.0,0.0,3.0
PH01399,PH03918,0,0.0,0.0,0.0,0.0,8.0
PH02380,PH03651,0,1.0,0.25,1.4426950408889634,0.5,6.0
PH00363,PH03688,0,0.0,0.0,0.0,0.0,25.0
PH04327,PH00738,0,0.0,0.0,0.0,0.0,5.0
PH00553,PH00363,0,0.0,0.0,0.0,0.0,10.0
PH01055,PH03205,0,0.0,0.0,0.0,0.0,9.0
PH01843,PH03284,0,1.0,0.125,0.9102392266268373,0.3333333333333333,18.0
PH00275,PH02856,0,0.0,0.0,0.0,0.0,4.0
PH02572,PH02507,0,0.0,0.0,0.0,0.0,8.0
PH00977,PH03441,0,0.0,0.0,0.0,0.0,10.0
PH00990,PH03571,0,0.0,0.0,0.0,0.0,8.0
PH00487,PH00384,0,1.0,0.14285714285714285,0.9102392266268373,0.3333333333333333,12.0
PH03764,PH00680,0,0.0,0.0,0.0,0.0,4.0
PH02659,PH02875,0,0.0,0.0,0.0,0.0,2.0
PH03953,PH03682,0,0.0,0.0,0.0,0.0,4.0
PH01899,PH01152,0,0.0,0.0,0.0,0.0,8.0
PH00031,PH01210,0,1.0,0.2,0.5581106265512472,0.16666666666666666,9.0
PH00932,PH00483,0,0.0,0.0,0.0,0.0,9.0
PH04098,PH02045,0,0.0,0.0,0.0,0.0,2.0
PH03237,PH00810,0,0.0,0.0,0.0,0.0,8.0
PH03854,PH03381,0,0.0,0.0,0.0,0.0,5.0
PH00715,PH04458,0,1.0,0.25,0.5138983423697507,0.14285714285714285,4.0
PH03798,PH03447,0,0.0,0.0,0.0,0.0,12.0
PH03823,PH01276,0,0.0,0.0,0.0,0.0,12.0
PH01291,PH00484,0,0.0,0.0,0.0,0.0,24.0
PH02307,PH02098,0,0.0,0.0,0.0,0.0,5.0
PH00093,PH00364,0,1.0,0.125,0.9102392266268373,0.3333333333333333,20.0
PH01615,PH03269,0,0.0,0.0,0.0,0.0,15.0
PH04038,PH02416,0,0.0,0.0,0.0,0.0,6.0
PH03230,PH03533,0,0.0,0.0,0.0,0.0,4.0
PH03500,PH03757,0,0.0,0.0,0.0,0.0,4.0
PH01484,PH03563,0,1.0,0.25,0.5581106265512472,0.16666666666666666,6.0
PH01496,PH02963,0,0.0,0.0,0.0,0.0,6.0
PH00340,PH00573,0,0.0,0.0,0.0,0.0,10.0
PH00248,PH02815,0,0.0,0.0,0.0,0.0,2.0
PH03309,PH02924,0,0.0,0.0,0.0,0.0,14.0
PH00433,PH04375,0,1.0,0.16666666666666666,0.7213475204444817,0.25,12.0
PH01264,PH01738,0,0.0,0.0,0.0,0.0,6.0
PH04461,PH01396,0,0.0,0.0,0.0,0.0,5.0
PH03564,PH04159,0,0.0,0.0,0.0,0.0,3.0
PH04305,PH00920,0,0.0,0.0,0.0,0.0,24.0
PH03297,PH01557,0,1.0,0.25,0.5581106265512472,0.16666666666666666,4.0
PH00705,PH03079,0,0.0,0.0,0.0,0.0,8.0
PH01027,PH01395,0,0.0,0.0,0.0,0.0,15.0
PH01580,PH00823,0,0.0,0.0,0.0,0.0,4.0
PH02488,PH02046,0,0.0,0.0,0.0,0.0,6.0
PH03099,PH01430,0,1.0,0.3333333333333333,0.9102392266268373,0.3333333333333333,3.0
PH02473,PH02811,0,0.0,0.0,0.0,0.0,2.0
PH03473,PH03565,0,0.0,0.0,0.0,0.0,1.0
PH01124,PH02824,0,0.0,0.0,0.0,0.0,10.0
PH01362,PH01015,0,0.0,0.0,0.0,0.0,3.0
PH01729,PH02805,0,1.0,0.09090909090909091,0.5581106265512472,0.16666666666666666,36.0
PH03847,PH02894,0,0.0,0.0,0.0,0.0,15.0
PH02645,PH00654,0,0.0,0.0,0.0,0.0,9.0
PH04225,PH01111,0,0.0,0.0,0.0,0.0,3.0
PH02495,PH00086,0,0.0,0.0,0.0,0.0,8.0
PH00396,PH02136,0,1.0,0.5,0.6213349345596119,0.2,2.0
PH00885,PH02651,0,0.0,0.0,0.0,0.0,4.0
PH03386,PH03276,0,0.0,0.0,0.0,0.0,18.0
PH01477,PH00038,0,0.0,0.0,0.0,0.0,2.0
PH00651,PH01923,0,0.0,0.0,0.0,0.0,5.0
PH03368,PH02869,0,1.0,0.125,0.48089834696298783,0.125,20.0
PH03455,PH02264,0,0.0,0.0,0.0,0.0,10.0
PH00801,PH03881,0,0.0,0.0,0.0,0.0,2.0
PH01202,PH03408,0,0.0,0.0,0.0,0.0,16.0
PH01532,PH00063,0,0.0,0.0,0.0,0.0,18.0
PH04154,PH03424,0,1.0,0.2,0.5581106265512472,0.16666666666666666,5.0
PH00812,PH02035,0,0.0,0.0,0.0,0.0,5.0
PH00789,PH00479,0,0.0,0.0,0.0,0.0,4.0
PH02758,PH03035,0,0.0,0.0,0.0,0.0,3.0
PH04455,PH04114,0,0.0,0.0,0.0,0.0,2.0
PH04181,PH04099,0,1.0,0.25,0.7213475204444817,0.25,6.0
PH01169,PH00685,0,0.0,0.0,0.0,0.0,12.0
PH01309,PH00896,0,0.0,0.0,0.0,0.0,6.0
PH03697,PH02124,0,0.0,0.0,0.0,0.0,12.0
PH00489,PH03185,0,0.0,0.0,0.0,0.0,20.0
PH04103,PH02248,0,1.0,0.25,0.6213349345596119,0.2,6.0
PH03681,PH03757,0,0.0,0.0,0.0,0.0,8.0
PH01084,PH03730,0,0.0,0.0,0.0,0.0,9.0
PH01564,PH03035,0,0.0,0.0,0.0,0.0,9.0
PH04324,PH03062,0,0.0,0.0,0.0,0.0,8.0
PH01103,PH03042,0,1.0,0.14285714285714285,0.6213349345596119,0.2,12.0
PH04306,PH00958,0,0.0,0.0,0.0,0.0,3.0
PH03295,PH03199,0,0.0,0.0,0.0,0.0,12.0
PH04317,PH00927,0,0.0,0.0,0.0,0.0,2.0
PH02368,PH02647,0,0.0,0.0,0.0,0.0,12.0
PH01905,PH03470,0,1.0,0.5,0.9102392266268373,0.3333333333333333,2.0
PH00927,PH02811,0,0.0,0.0,0.0,0.0,4.0
PH01669,PH00054,0,0.0,0.0,0.0,0.0,21.0
PH00391,PH01517,0,0.0,0.0,0.0,0.0,16.0
PH03084,PH03546,0,0.0,0.0,0.0,0.0,8.0
PH04152,PH01033,0,1.0,0.1111111111111111,0.5581106265512472,0.16666666666666666,25.0
PH01561,PH00344,0,0.0,0.0,0.0,0.0,3.0
PH02235,PH03161,0,0.0,0.0,0.0,0.0,6.0
PH04240,PH01807,0,0.0,0.0,0.0,0.0,2.0
PH04180,PH00256,0,0.0,0.0,0.0,0.0,6.0
PH03886,PH03959,0,1.0,0.16666666666666666,0.9102392266268373,0.3333333333333333,12.0
PH00157,PH00057,0,0.0,0.0,0.0,0.0,18.0
PH02687,PH04289,0,0.0,0.0,0.0,0.0,4.0
PH03902,PH00788,0,0.0,0.0,0.0,0.0,2.0
PH03758,PH03091,0,0.0,0.0,0.0,0.0,4.0
PH00596,PH02236,0,1.0,0.14285714285714285,0.7213475204444817,0.25,15.0
PH03942,PH02724,0,0.0,0.0,0.0,0.0,3.0
PH02069,PH00194,0,0.0,0.0,0.0,0.0,4.0
PH03184,PH01717,0,0.0,0.0,0.0,0.0,6.0
PH04168,PH02417,0,0.0,0.0,0.0,0.0,24.0
PH03096,PH04234,0,1.0,0.09090909090909091,0.5581106265512472,0.16666666666666666,36.0
PH04226,PH03985,0,0.0,0.0,0.0,0.0,15.0
PH03956,PH01135,0,0.0,0.0,0.0,0.0,9.0
PH04052,PH00092,0,0.0,0.0,0.0,0.0,12.0
PH00381,PH00467,0,0.0,0.0,0.0,0.0,4.0
PH01065,PH02334,0,1.0,0.2,0.6213349345596119,0.2,8.0
PH03836,PH01088,0,0.0,0.0,0.0,0.0,3.0
PH00138,PH04416,0,0.0,0.0,0.0,0.0,20.0
PH00772,PH01692,0,0.0,0.0,0.0,0.0,28.0
PH02890,PH04313,0,0.0,0.0,0.0,0.0,6.0
PH03425,PH04207,0,1.0,0.125,0.9102392266268373,0.3333333333333333,18.0
PH03814,PH00571,0,0.0,0.0,0.0,0.0,5.0
PH00009,PH04109,0,0.0,0.0,0.0,0.0,9.0
PH03427,PH01377,0,0.0,0.0,0.0,0.0,2.0
PH01895,PH02799,0,0.0,0.0,0.0,0.0,8.0
PH03465,PH03114,0,1.0,0.1111111111111111,0.7213475204444817,0.25,24.0
PH03273,PH01104,0,0.0,0.0,0.0,0.0,12.0
PH02482,PH02325,0,0.0,0.0,0.0,0.0,6.0
PH00147,PH04404,0,0.0,0.0,0.0,0.0,3.0
PH00948,PH03207,0,0.0,0.0,0.0,0.0,16.0
PH02228,PH01151,0,1.0,0.16666666666666666,0.7213475204444817,0.25,12.0
PH01368,PH04303,0,0.0,0.0,0.0,0.0,3.0
PH01968,PH03815,0,0.0,0.0,0.0,0.0,8.0
PH00867,PH00452,0,0.0,0.0,0.0,0.0,2.0
PH02678,PH01872,0,0.0,0.0,0.0,0.0,1.0
PH03251,PH01020,0,1.0,0.16666666666666666,0.7213475204444817,0.25,12.0
PH00159,PH01020,0,0.0,0.0,0.0,0.0,12.0
PH03297,PH04147,0,0.0,0.0,0.0,0.0,24.0
PH02769,PH00115,0,0.0,0.0,0.0,0.0,2.0
PH02180,PH03616,0,0.0,0.0,0.0,0.0,3.0
PH04059,PH02208,0,1.0,0.1111111111111111,0.7213475204444817,0.25,21.0
PH02332,PH04225,0,0.0,0.0,0.0,0.0,4.0
PH04179,PH03226,0,0.0,0.0,0.0,0.0,1.0
PH02594,PH00679,0,0.0,0.0,0.0,0.0,2.0
PH00809,PH03911,0,0.0,0.0,0.0,0.0,25.0
PH00132,PH03140,0,1.0,0.25,0.6213349345596119,0.2,6.0
PH00790,PH04026,0,0.0,0.0,0.0,0.0,6.0
PH01010,PH01118,0,0.0,0.0,0.0,0.0,10.0
PH02671,PH00472,0,0.0,0.0,0.0,0.0,6.0
PH03259,PH02343,0,0.0,0.0,0.0,0.0,12.0
PH00145,PH03523,0,1.0,0.16666666666666666,0.7213475204444817,0.25,12.0
PH00487,PH01518,0,0.0,0.0,0.0,0.0,2.0
PH03943,PH03148,0,0.0,0.0,0.0,0.0,24.0
PH01119,PH04461,0,0.0,0.0,0.0,0.0,10.0
PH00384,PH01108,0,0.0,0.0,0.0,0.0,24.0
PH03432,PH00943,0,1.0,0.2,0.5581106265512472,0.16666666666666666,8.0
PH00672,PH03202,0,0.0,0.0,0.0,0.0,2.0
PH01454,PH01256,0,0.0,0.0,0.0,0.0,16.0
PH04031,PH00926,0,0.0,0.0,0.0,0.0,4.0
PH02315,PH04350,0,0.0,0.0,0.0,0.0,4.0
PH02650,PH03248,0,1.0,0.1111111111111111,0.7213475204444817,0.25,9.0
PH03557,PH03511,0,0.0,0.0,0.0,0.0,8.0
PH00031,PH01920,0,0.0,0.0,0.0,0.0,6.0
PH01417,PH01951,0,0.0,0.0,0.0,0.0,5.0
PH01345,PH00883,0,0.0,0.0,0.0,0.0,3.0
PH02110,PH00268,0,1.0,0.125,0.45511961331341866,0.1111111111111111,20.0
PH03025,PH00858,0,0.0,0.0,0.0,0.0,3.0
PH03471,PH04299,0,0.0,0.0,0.0,0.0,9.0
PH03697,PH01823,0,0.0,0.0,0.0,0.0,12.0
PH02232,PH02193,0,0.0,0.0,0.0,0.0,12.0
PH04040,PH01719,0,1.0,0.16666666666666666,0.5581106265512472,0.16666666666666666,10.0
PH02323,PH02273,0,0.0,0.0,0.0,0.0,8.0
PH01222,PH03084,0,0.0,0.0,0.0,0.0,8.0
PH02261,PH01034,0,0.0,0.0,0.0,0.0,18.0
PH00960,PH02447,0,0.0,0.0,0.0,0.0,5.0
PH01885,PH03250,0,1.0,0.1111111111111111,0.7213475204444817,0.25,25.0
PH02526,PH03520,0,0.0,0.0,0.0,0.0,16.0
PH01953,PH00750,0,0.0,0.0,0.0,0.0,15.0
PH04263,PH00829,0,0.0,0.0,0.0,0.0,12.0
PH03649,PH01959,0,0.0,0.0,0.0,0.0,6.0
PH00908,PH04107,0,1.0,0.3333333333333333,0.5581106265512472,0.16666666666666666,4.0
PH04316,PH03763,0,0.0,0.0,0.0,0.0,8.0
PH01710,PH03946,0,0.0,0.0,0.0,0.0,9.0
PH01221,PH02317,0,0.0,0.0,0.0,0.0,25.0
PH00226,PH01661,0,0.0,0.0,0.0,0.0,6.0
PH02910,PH01042,0,1.0,0.1111111111111111,0.6213349345596119,0.2,24.0
PH02216,PH01751,0,0.0,0.0,0.0,0.0,12.0
PH01641,PH01763,0,0.0,0.0,0.0,0.0,6.0
PH04112,PH03985,0,0.0,0.0,0.0,0.0,20.0
PH01866,PH01942,0,0.0,0.0,0.0,0.0,6.0
PH04204,PH00209,0,1.0,0.2,0.6213349345596119,0.2,8.0
PH03654,PH01799,0,0.0,0.0,0.0,0.0,12.0
PH02728,PH03657,0,0.0,0.0,0.0,0.0,4.0
PH04391,PH03556,0,0.0,0.0,0.0,0.0,6.0
PH03774,PH03924,0,0.0,0.0,0.0,0.0,12.0
PH00054,PH00257,0,1.0,0.1111111111111111,0.5581106265512472,0.16666666666666666,21.0
PH01194,PH04356,0,0.0,0.0,0.0,0.0,2.0
PH04462,PH03644,0,0.0,0.0,0.0,0.0,8.0
PH03120,PH01998,0,0.0,0.0,0.0,0.0,5.0
PH00302,PH03020,0,0.0,0.0,0.0,0.0,3.0
PH00792,PH03771,0,1.0,0.2,0.7213475204444817,0.25,9.0
PH01320,PH02102,0,0.0,0.0,0.0,0.0,24.0
PH03525,PH00991,0,0.0,0.0,0.0,0.0,8.0
PH03693,PH03647,0,0.0,0.0,0.0,0.0,8.0
PH00339,PH03343,0,0.0,0.0,0.0,0.0,8.0
PH00271,PH03658,0,1.0,0.1111111111111111,0.6213349345596119,0.2,21.0
PH01699,PH01809,0,0.0,0.0,0.0,0.0,2.0
PH01118,PH02814,0,0.0,0.0,0.0,0.0,10.0
PH03637,PH02971,0,0.0,0.0,0.0,0.0,3.0
PH03816,PH04159,0,0.0,0.0,0.0,0.0,6.0
PH02335,PH00453,0,1.0,0.14285714285714285,0.9102392266268373,0.3333333333333333,12.0
PH00520,PH03991,0,0.0,0.0,0.0,0.0,12.0
PH02500,PH03926,0,0.0,0.0,0.0,0.0,12.0
PH01076,PH03535,0,0.0,0.0,0.0,0.0,12.0
PH01406,PH00236,0,0.0,0.0,0.0,0.0,3.0
PH01747,PH00875,0,1.0,0.14285714285714285,0.5581106265512472,0.16666666666666666,16.0
PH02221,PH02644,0,0.0,0.0,0.0,0.0,6.0
PH00221,PH03627,0,0.0,0.0,0.0,0.0,4.0
PH02136,PH03411,0,0.0,0.0,0.0,0.0,12.0
PH03251,PH01738,0,0.0,0.0,0.0,0.0,12.0
PH00206,PH01555,0,1.0,0.125,0.5581106265512472,0.16666666666666666,18.0
PH01018,PH03161,0,0.0,0.0,0.0,0.0,3.0
PH03544,PH00510,0,0.0,0.0,0.0,0.0,8.0
PH01829,PH01041,0,0.0,0.0,0.0,0.0,2.0
PH02674,PH00203,0,0.0,0.0,0.0,0.0,1.0
PH02146,PH01919,0,1.0,0.14285714285714285,0.9102392266268373,0.3333333333333333,15.0
PH01261,PH02936,0,0.0,0.0,0.0,0.0,10.0
PH04476,PH01852,0,0.0,0.0,0.0,0.0,3.0
PH03627,PH00911,0,0.0,0.0,0.0,0.0,4.0
PH02083,PH00739,0,0.0,0.0,0.0,0.0,15.0
PH00187,PH00203,0,1.0,0.3333333333333333,0.5581106265512472,0.16666666666666666,3.0
PH02672,PH02701,0,0.0,0.0,0.0,0.0,15.0
PH01684,PH02903,0,0.0,0.0,0.0,0.0,5.0
PH00122,PH02062,0,0.0,0.0,0.0,0.0,6.0
PH03774,PH00166,0,0.0,0.0,0.0,0.0,3.0
PH00052,PH03831,0,1.0,0.07142857142857142,0.5138983423697507,0.14285714285714285,50.0
PH04258,PH03218,0,0.0,0.0,0.0,0.0,10.0
PH00644,PH02001,0,0.0,0.0,0.0,0.0,25.0
PH03231,PH00049,0,0.0,0.0,0.0,0.0,8.0
PH01006,PH02462,0,0.0,0.0,0.0,0.0,9.0
PH04297,PH02428,0,1.0,0.16666666666666666,0.9102392266268373,0.3333333333333333,10.0
PH01617,PH02274,0,0.0,0.0,0.0,0.0,15.0
PH02614,PH03494,0,0.0,0.0,0.0,0.0,25.0
PH00317,PH01875,0,0.0,0.0,0.0,0.0,9.0
PH00867,PH03706,0,0.0,0.0,0.0,0.0,5.0
PH01527,PH03637,0,1.0,0.25,0.6213349345596119,0.2,6.0
PH00962,PH00106,0,0.0,0.0,0.0,0.0,4.0
PH03433,PH04437,0,0.0,0.0,0.0,0.0,4.0
PH02426,PH01231,0,0.0,0.0,0.0,0.0,18.0
PH00805,PH03152,0,0.0,0.0,0.0,0.0,9.0
PH01616,PH03393,0,1.0,0.16666666666666666,0.6213349345596119,0.2,6.0
PH02881,PH03453,0,0.0,0.0,0.0,0.0,8.0
PH03697,PH03560,0,0.0,0.0,0.0,0.0,9.0
PH02692,PH02279,0,0.0,0.0,0.0,0.0,15.0
PH02488,PH03149,0,0.0,0.0,0.0,0.0,2.0
PH02110,PH00268,0,1.0,0.125,0.45511961331341866,0.1111111111111111,20.0
PH03120,PH01222,0,0.0,0.0,0.0,0.0,10.0
PH03915,PH00675,0,0.0,0.0,0.0,0.0,5.0
PH00326,PH04474,0,0.0,0.0,0.0,0.0,10.0
PH04298,PH03632,0,0.0,0.0,0.0,0.0,12.0
PH03863,PH01188,0,1.0,0.2,0.9102392266268373,0.3333333333333333,8.0
PH02233,PH00290,0,0.0,0.0,0.0,0.0,20.0
PH01496,PH00005,0,0.0,0.0,0.0,0.0,6.0
PH04197,PH00202,0,0.0,0.0,0.0,0.0,25.0
PH02658,PH01255,0,0.0,0.0,0.0,0.0,3.0
PH00973,PH04341,0,1.0,0.125,0.9102392266268373,0.3333333333333333,18.0
PH03167,PH01610,0,0.0,0.0,0.0,0.0,2.0
PH00884,PH01711,0,0.0,0.0,0.0,0.0,4.0
PH03179,PH01372,0,0.0,0.0,0.0,0.0,4.0
PH01109,PH03334,0,0.0,0.0,0.0,0.0,24.0
PH03348,PH03915,0,1.0,0.1,0.7213475204444817,0.25,30.0
PH01555,PH00839,0,0.0,0.0,0.0,0.0,3.0
PH03775,PH01807,0,0.0,0.0,0.0,0.0,6.0
PH01327,PH02129,0,0.0,0.0,0.0,0.0,12.0
PH01777,PH01928,0,0.0,0.0,0.0,0.0,12.0
PH02868,PH02974,0,1.0,0.2,0.9102392266268373,0.3333333333333333,9.0
PH03636,PH01196,0,0.0,0.0,0.0,0.0,20.0
PH02272,PH00572,0,0.0,0.0,0.0,0.0,8.0
PH01246,PH03390,0,0.0,0.0,0.0,0.0,12.0
PH04091,PH01426,0,0.0,0.0,0.0,0.0,6.0
PH00945,PH02977,0,1.0,0.16666666666666666,0.6213349345596119,0.2,12.0
PH00922,PH03602,0,0.0,0.0,0.0,0.0,6.0
PH00516,PH03095,0,0.0,0.0,0.0,0.0,9.0
PH01765,PH00750,0,0.0,0.0,0.0,0.0,6.0
PH00837,PH00883,0,0.0,0.0,0.0,0.0,12.0
PH03096,PH04235,0,1.0,0.14285714285714285,0.9102392266268373,0.3333333333333333,12.0
PH03809,PH01687,0,0.0,0.0,0.0,0.0,18.0
PH00664,PH00312,0,0.0,0.0,0.0,0.0,3.0
PH01465,PH03889,0,0.0,0.0,0.0,0.0,4.0
PH01841,PH02027,0,0.0,0.0,0.0,0.0,3.0
PH01180,PH01898,0,1.0,0.2,0.5581106265512472,0.16666666666666666,9.0
PH03209,PH00031,0,0.0,0.0,0.0,0.0,6.0
PH00764,PH00386,0,0.0,0.0,0.0,0.0,15.0
PH01452,PH03355,0,0.0,0.0,0.0,0.0,1.0
PH00347,PH01425,0,0.0,0.0,0.0,0.0,10.0
PH01063,PH02787,0,1.0,0.125,0.6213349345596119,0.2,18.0
PH03085,PH04133,0,0.0,0.0,0.0,0.0,3.0
PH02153,PH02556,0,0.0,0.0,0.0,0.0,10.0
PH03247,PH04247,0,0.0,0.0,0.0,0.0,9.0
PH03648,PH00199,0,0.0,0.0,0.0,0.0,8.0
PH00740,PH00461,0,1.0,0.1,0.9102392266268373,0.3333333333333333,30.0
PH02072,PH00229,0,0.0,0.0,0.0,0.0,8.0
PH04477,PH02178,0,0.0,0.0,0.0,0.0,6.0
PH02682,PH02476,0,0.0,0.0,0.0,0.0,4.0
PH02266,PH01680,0,0.0,0.0,0.0,0.0,5.0
PH01398,PH03892,0,1.0,0.14285714285714285,0.48089834696298783,0.125,16.0
PH00671,PH03955,0,0.0,0.0,0.0,0.0,7.0
PH03957,PH04101,0,0.0,0.0,0.0,0.0,40.0
PH04185,PH02165,0,0.0,0.0,0.0,0.0,8.0
PH03685,PH01850,0,0.0,0.0,0.0,0.0,6.0
PH01306,PH02675,0,1.0,0.14285714285714285,0.6213349345596119,0.2,12.0
PH01848,PH03587,0,0.0,0.0,0.0,0.0,8.0
PH03175,PH02175,0,0.0,0.0,0.0,0.0,12.0
PH04042,PH02796,0,0.0,0.0,0.0,0.0,10.0
PH01228,PH00085,0,0.0,0.0,0.0,0.0,6.0
PH01441,PH04186,0,1.0,0.125,0.6213349345596119,0.2,20.0
PH02401,PH03936,0,0.0,0.0,0.0,0.0,15.0
PH00951,PH04090,0,0.0,0.0,0.0,0.0,8.0
PH03561,PH00606,0,0.0,0.0,0.0,0.0,3.0
PH01825,PH03705,0,0.0,0.0,0.0,0.0,9.0
PH02237,PH02542,0,1.0,0.125,0.5581106265512472,0.16666666666666666,14.0
PH03108,PH04092,0,0.0,0.0,0.0,0.0,5.0
PH00894,PH00092,0,0.0,0.0,0.0,0.0,6.0
PH04159,PH02110,0,0.0,0.0,0.0,0.0,4.0
PH02461,PH03016,0,0.0,0.0,0.0,0.0,12.0
PH03615,PH01497,0,1.0,0.2,0.48089834696298783,0.125,8.0
PH01773,PH04434,0,0.0,0.0,0.0,0.0,20.0
PH02309,PH03069,0,0.0,0.0,0.0,0.0,30.0
PH01203,PH03013,0,0.0,0.0,0.0,0.0,14.0
PH02982,PH01818,0,0.0,0.0,0.0,0.0,3.0
PH01843,PH02667,0,1.0,0.2,0.7213475204444817,0.25,9.0
PH03301,PH03122,0,0.0,0.0,0.0,0.0,8.0
PH03639,PH03395,0,0.0,0.0,0.0,0.0,16.0
PH03741,PH04028,0,0.0,0.0,0.0,0.0,12.0
PH00541,PH00114,0,0.0,0.0,0.0,0.0,8.0
PH01170,PH01096,0,1.0,0.2,0.7213475204444817,0.25,5.0
PH03406,PH04184,0,0.0,0.0,0.0,0.0,5.0
PH01101,PH02480,0,0.0,0.0,0.0,0.0,15.0
PH01912,PH01412,0,0.0,0.0,0.0,0.0,16.0
PH00920,PH00510,0,0.0,0.0,0.0,0.0,24.0
PH00859,PH02041,0,1.0,0.3333333333333333,0.5138983423697507,0.14285714285714285,4.0
PH01222,PH00947,0,0.0,0.0,0.0,0.0,10.0
PH00895,PH02737,0,0.0,0.0,0.0,0.0,9.0
PH01310,PH00545,0,0.0,0.0,0.0,0.0,1.0
PH00084,PH00186,0,0.0,0.0,0.0,0.0,6.0
PH00315,PH01162,0,1.0,0.16666666666666666,0.9102392266268373,0.3333333333333333,12.0
PH04376,PH04248,0,0.0,0.0,0.0,0.0,12.0
PH00087,PH02660,0,0.0,0.0,0.0,0.0,4.0
PH00267,PH02345,0,0.0,0.0,0.0,0.0,16.0
PH03009,PH02424,0,0.0,0.0,0.0,0.0,2.0
PH04171,PH01698,0,1.0,0.125,0.9102392266268373,0.3333333333333333,18.0
PH02255,PH02936,0,0.0,0.0,0.0,0.0,10.0
PH03995,PH03661,0,0.0,0.0,0.0,0.0,3.0
PH04241,PH04159,0,0.0,0.0,0.0,0.0,2.0
PH02197,PH01260,0,0.0,0.0,0.0,0.0,8.0
